#Ion        Wavelength[A]           gamma         f_value
# note: these are vacuum wavelength 
HI 1215.6701 6.265E8 0.416400
HI 1025.7223 1.897E8 0.079120
HI 972.5368 8.127E7 0.029000
HI 949.7431 4.204E7 0.013940
HI 937.8035 2.450E7 0.007799
HI 930.7483 1.236E7 0.004814
HI 926.2257 8.255E6 0.003183
HI 923.1504 5.785E6 0.002216
HI 920.9631 4.210E6 0.001605
HI 919.3514 3.160E6 0.00120
HI 918.1294 2.432E6 0.000921
HI 917.1806 1.911E6 7.226e-4
HI 916.429 1.529E6 0.000577
HI 915.824 1.243E6 0.000469
HI 915.329 1.024E6 0.000386
HI 914.919 8.533E5 0.000321
HI 914.576 7.186E5 0.000270
HI 914.286 6.109E5 0.000230
HI 914.039 5.237E5 0.000197
HI 913.826 4.523E5 0.000170
HI 913.641 3.933E5 0.000148
HI 913.480 3.443E5 0.000129
HI 913.339 3.030E5 0.000114
HI 913.215 2.679E5 0.000101
HI 913.104 2.382E5 0.000089
HI 913.006 2.127E5 0.000080
HI 912.918 1.907E5 0.000071
HI 912.839 1.716E5 0.000064
HI 912.768 1.550E5 0.000058
HI 912.703 1.405E5 0.000053
HI 912.645 1.277E5 0.000048
HI 911.7633 1.0000 0.630E-17
DI 1215.3394 6.270E8 0.416500
DI 1025.4433 1.897E8 0.079100
DI 972.2722 8.127E7 0.029010
DI 949.4847 4.204E7 0.013950
DI 937.5484 2.450E7 0.007808
DI 930.4951 1.237E7 0.004817
DI 925.9737 8.261E6 0.003184
DI 922.899 5.789E6 0.002216
DI 920.712 4.214E6 0.001605
DI 919.102 3.162E6 0.001201
DI 917.879 2.434E6 0.000921
DI 916.931 1.913E6 0.000723
DI 916.179 1.531E6 0.000577
DI 915.575 1.244E6 0.000469
DI 915.080 1.025E6 0.000386
HeI 584.334 2.000e8 0.285000
HeI 537.0296 2.000e8 0.0752
HeI 522.2128 2.000e8 0.0307
HeI 515.6165 2.000E8 0.0154
HeII 303.7822 6.270E8 0.416
HeII 256.317 1.897E8 0.0790
BeII 3131.3292 1.130E8 0.332100
BeII 3131.9742 1.129E8 0.166000
BeII 1036.319 1.846E8 0.027690
BeII 1036.299 1.846E8 0.055380
BII 1362.4610 1.190E+09 9.870E-01
CI 1139.7930 2.100E+07 1.410E-02
CI 1155.8092 8.190e6 0.004920
CI 1157.1857 3.980E+06 2.440E-02
CI 1157.9097 3.510e7 0.021200
CI 1188.8329 1.950E7 0.012400
CI 1193.0300 6.390E7 0.040900
CI 1193.9954 1.940E7 0.012400
CI 1260.7351 2.400e8 0.050700
CI 1276.4822 8.030E6 0.005890
CI 1277.2450 2.320E+08 9.665E-02
CI 1280.1352 1.060E8 0.026300
CI 1328.8333 2.880E+08 5.804E-02
CI 1560.3092 1.270E+08 8.041E-02
CI 1656.9283 3.600E+08 1.405E-01
CII 1334.5323 2.880e8 0.127800
CII 1036.3367 2.200E+09 1.231E-01
CIII 977.0200 1.760E+09 7.620E-01
CIV 1548.2049 2.642E+08 1.908E-01
CIV 1550.7785 2.628E+08 9.522E-02
NI 1200.7098 4.000E+08 4.300E-02
NI 1200.2233 4.020E+08 8.620E-02
NI 1199.5496 4.070E+08 1.300E-01
NI 1134.9803 1.440E+08 4.023E-02
NI 1134.4149 1.490E+08 2.683E-02
NI 1134.1653 1.510E+08 1.342E-02
NI 965.0413 8.160E+07 5.801E-03
NI 964.6256 8.310E+07 1.180E-02
NI 963.9903 8.550E+07 1.837E-02
NI 954.1042 1.41e8 4.00e-3
NI 953.9700 2.030E+08 3.480E-02
NI 953.6550 2.100E+08 2.500E-02
NI 953.4150 2.190E+08 1.320E-02
NII 1083.9900 3.740E+08 1.031E-01
NII 915.6120 1.270E+09 1.449E-01
NIII 989.7990 5.000E+08 1.066E-01
NV 1238.8210 3.391E+08 1.570E-01
NV 1242.8040 3.356E+08 7.823E-02
OI 1355.5977 5.560E+03 1.248E-06
OI 1302.1685 5.650E+08 4.887E-02
OI 1039.2304 1.870E+08 9.197E-03
OI 1026.4757 4.58E7 8.71e-8
OI 1025.7620 1.020E+08 2.030E-02
OI 988.7734 2.260E+08 4.318E-02
OI 988.6549 5.660E+07 7.712E-03
OI 988.5778 6.290E+06 5.146E-04
OI 976.4481 8.010E+07 3.300E-03
OI 971.7380 8.580E+07 1.480E-02
OI 971.7376 1.46e7 0.00207
OI 971.7371 1.63e6 0.000138
OI 950.8846 3.876E+07 1.571E-03
OI 948.6855 2.900E+07 6.446E-03
OI 937.8405 1.102e7 8.77e-4
OI 936.6295 1.704E+07 3.735E-03
OI 930.2566 6.900E+06 5.320E-03
OI 929.5168 1.000E+07 2.264E-03
OI 925.4420 4.600E+06 3.500E-04
OI 924.9520 1.000E+07 1.534E-03
OI 922.2000 3.210E+06 2.420E-03
OI 921.8600 1.000E+07 1.173E-03
OI 919.917 2.33e6 1.77e-4
OI 919.658 1.00E7 7.92e-4
OI 919.222 1.74e6 1.32e-4
OI 918.044 1.00E7 6.14e-4
OI 916.960 1.33e6 1.01e-4
OI 916.815 1.00E7 4.74e-4
OII 834.4655 2.000E8 0.132
OII 833.3294 2.00E8 0.0886
OII 832.7572 2.00E8 0.0444
OIII 832.927 2.000E8 0.107
OIII 702.332 2.000E8 0.137
OIV 787.711 2.000E8 0.110
OVI 1031.9261 4.149E+08 1.329E-01
OVI 1037.6167 4.076E+08 6.609E-02
OVII 21.60169 3.32E12 0.696
OVII 18.62799 9.35E11 0.146
NeVIII 780.324 1.000e8 0.050500
NeVIII 770.409 1.000e8 0.103000
NaI 5891.5833 6.157E+07 6.311E-01
NaI 5897.5581 6.139e7 0.3201
NaI 3303.369 9.641e6 0.00920
NaI 3303.978 9.639e6 0.00460
NaI 2853.012 5.54e5 6.77e-4
NaI 2852.811 5.54e5 1.35e-3
MgI 2852.9642 5.000E+08 1.810E+00
MgI 2026.4768 6.120E+07 1.120E-01
MgI 1827.9351 1.610e7 0.024200
MgI 1747.7937 6.61e6 0.00908
MgI 1707.0606 3.330e6 0.00437
MgII 2796.3520 2.625E+08 6.123E-01
MgII 2803.5310 2.595E+08 3.054E-01
MgII 1240.3947 1.540E+06 3.550E-04
MgII 1239.9253 1.370E+06 6.330E-04
MgII 1026.1134 2.48e6 3.92e-4
MgII 1025.9681 2.35e6 7.43e-4
MgX 624.95 2.000E8 0.0410
MgX 609.79 2.000E8 0.0842
AlI 3945.1224 1.48e8 0.116
AlI 3083.0462 7.45e7 0.177
AlI 2367.7750 7.58e7 0.106
AlI 2264.1647 7.14e7 0.0892
AlII 1670.7874 1.390E+09 1.880E+00
AlIII 1862.7895 5.340E+08 2.680E-01
AlIII 1854.7164 5.420E+08 5.390E-01
SiI 2515.0730 2.220E+08 1.620E-01
SiI 1845.5200 1.760E+08 2.290E-01
SiI 1693.2939 1.21e8 0.156
SiI 1631.170 1.714e8 0.2051
SiI 1562.002 3.425e8 0.3758
SiII 2335.123 9.61e3 4.25E-6
SiII 1808.0130 2.380E+06 2.186E-03
SiII 1526.7066 1.130E+09 1.270E-01
SiII 1304.3702 1.010E+09 9.400E-02
SiII 1260.4221 2.950E+09 1.007E+00
SiII 1193.2897 4.070E+09 4.991E-01
SiII 1190.4158 4.080E+09 2.502E-01
SiII 1020.6989 6.680E+08 2.828E-02
SiII 989.8731 6.673E+08 1.330E-01
SiIII 1206.5000 2.480E+09 1.660E+00
SiIV 1393.7550 8.800E+08 5.280E-01
SiIV 1402.7700 8.620E+08 2.620E-01
PI 1774.9487 2.38e8 0.169
PI 1782.8291 2.38e8 0.113
PII 1532.5330 4.770E+06 7.610E-03
PII 1301.8740 4.820E+07 1.730E-02
PII 1152.8180 1.230E+09 2.360E-01
PII 963.8010 4.140E+09 1.458E+00
PII 961.0412 5.09e9 0.3489
PIII 1334.8132 6.32E7 0.0282
PIII 997.9996 2.220E9 0.1117
PIII 917.1180 4.780E+09 4.049E-01
PIII 913.9680 4.790E+09 2.031E-01
PIV 950.6569 3.67e9 1.490
PV 1128.0080 1.220E+09 2.345E-01
PV 1117.9770 1.260E+09 4.732E-01
SI 1807.3110 5.330E+08 1.105E-01
SI 1473.9943 1.82e8 0.0828
SI 1295.6531 3.46e8 0.0870
SII 1259.5190 4.650E+07 1.624E-02
SII 1253.8110 4.620E+07 1.088E-02
SII 1250.5840 4.630E+07 5.453E-03
SIII 1190.2080 6.650E+07 2.217E-02
SIII 1012.5020 2.810E+08 3.550E-02
SIV 1062.6620 1.690E+08 3.999E-02
SVI 944.5230 1.610E+09 2.181E-01
SVI 933.3780 1.670E+09 4.414E-01
ClI 1347.2400 6.620E+08 1.186E-01
ArI 1066.6600 1.320E+08 6.747E-02
ArI 1048.2199 3.180E+07 2.628E-01
CaI 4227.9180 2.200E+08 1.940E+00
CaI 2276.169 2.84e7 0.0661
CaII 3934.7770 1.444E+08 6.500E-01
CaII 3969.5910 1.409E+08 3.220E-01
TiII 3384.7400 1.750E+08 3.400E-01
TiII 3242.9290 2.440E+08 1.832E-01
TiII 3230.1310 2.440E+08 5.860E-02
TiII 3073.8770 2.560E+08 1.091E-01
TiII 3067.2379 2.500e8 0.0489
TiII 1910.9380 1.430E+08 9.800E-02
TiII 1910.6000 4.170E+08 2.020E-01
TiIII 1298.697 6.35e8 0.0964
TiIII 1295.884 1.66e8 0.0418
CrII 2066.1610 4.170E+08 5.150E-02
CrII 2062.2340 4.060E+08 7.800E-02
CrII 2056.2539 4.070E+08 1.050E-01
MnII 2606.4620 2.720E+08 1.927E-01
MnII 2594.4990 2.780E+08 2.710E-01
MnII 2576.8770 2.820E+08 3.508E-01
MnII 1201.118 7.85e8 0.121
MnII 1199.3910 7.850E+08 1.059E-01
MnII 1197.1840 7.840E+08 1.566E-01
MnII 1162.015 3.90e7 0.0102
FeI 3720.9930 1.630E+07 4.119E-02
FeI 3021.5189 1.690E+08 1.039E-01
FeI 2967.7650 1.270E+08 4.380E-02
FeI 2719.8329 1.75E8 0.122
FeI 2523.6080 3.850E+08 2.790E-01
FeI 2501.8860 3.850E+08 4.960E-02
FeI 2484.0210 5.000E+08 5.570E-01
FeI 2463.3920 5.000E+08 5.320E-02
FeI 2167.4530 2.740E+08 1.500E-01
FeII 2600.1729 2.700E+08 2.390E-01
FeII 2586.6500 2.720E+08 6.910E-02
FeII 2382.7650 3.130E+08 3.200E-01
FeII 2374.4612 3.09E8 0.0313
FeII 2344.2140 2.680E+08 1.140E-01
FeII 2260.7805 2.58e8 0.00244
FeII 2234.4472 2.75e8 2.52e-5
FeII 2249.8768 3.31e8 0.001821
FeII 1901.7730 1.610E+05 1.009E-04
FeII 1611.2005 2.860E+08 1.360E-03
FeII 1608.4511 2.740E+08 5.800E-02
FeII 1588.6876 4.89e5 1.48e-4
FeII 1260.5330 1.260E+08 2.500E-02
FeII 1144.9379 3.520E+08 1.060E-01
FeII 1143.2260 9.810E+07 1.770E-02
FeII 1142.3656 2.560E+07 4.200E-03
FeII 1133.6650 3.060E+07 5.500E-03
FeII 1127.0984 5.89e6 1.12e-3
FeII 1125.4478 1.030E+08 1.600E-02
FeII 1121.9748 1.920E+08 2.020E-02
FeII 1112.0480 2.000E+07 6.290E-03
FeII 1106.3596 2.150E+06 1.500E-03
FeII 1096.8769 2.260E+08 3.240E-02
FeII 1083.4204 2.000E8 0.002800
FeII 1081.8748 2.000E+08 1.400E-02
FeII 1063.9718 3.500E+07 3.718E-03
FeII 1063.1760 3.230E+08 6.000E-02
FeII 1062.1520 1.720E+07 3.800E-03
FeII 1055.2617 4.610E+07 7.514E-03
FeIII 1214.562 1.39e6 2.39e-4
FeIII 1122.5260 3.700E+08 5.390E-02
CoII 2059.4756 2.78e8 0.00751
CoII 2026.4122 3.03e8 0.0125
CoII 2012.1664 3.450E+08 3.679E-02
CoII 1941.2852 4.35e8 0.0340
CoII 1574.5503 6.730E+07 2.500E-02
CoII 1572.6489 4.16e7 0.0120
CoII 1552.7624 3.21e7 0.0116
CoII 1480.9546 4.65e7 0.0119
CoII 1466.2120 3.780E+07 3.100E-02
CoII 1424.7866 3.58e7 0.0109
NiI 2320.7468 6.94E8 0.685
NiI 2311.669 4.700E8 0.376500
NiII 1751.9157 3.70E8 0.027700
NiII 1741.5531 5.00E8 0.042700
NiII 1709.6042 4.35e8 0.0324
NiII 1703.4050 5.000E+08 6.000E-03
NiII 1502.148 3.932E7 0.01330
NiII 1467.756 2.30E7 0.00990
NiII 1467.259 2.93E7 0.00630
NiII 1454.842 1.02E8 0.0323
NiII 1393.324 3.47E7 0.0101
NiII 1370.1310 4.100E+08 7.690E-02
NiII 1317.2170 4.205E+08 7.786E-02
CuII 1367.9509 6.23e8 0.179
CuII 1358.7730 7.200E+08 3.803E-01
ZnII 2062.6640 3.860E+08 2.560E-01
ZnII 2026.1360 4.070E+08 4.890E-01
GeII 1602.4863 9.906E+08 1.436E-01
GaII 1414.4020 1.970E+09 1.800E+00
