lambda_air(A),lambda_vac(A),FWHM(A),Flux(10^-16^erg/s/cm2/{AA})
3142.6768,3143.587,0.073,1.5474
3143.3757,3144.286,0.0637,1.0259
3143.6824,3144.593,0.1236,1.0973
3144.0857,3144.996,0.0954,1.9536
3145.5142,3146.425,0.0835,2.2297
3145.9248,3146.836,0.0654,1.5056
3147.2148,3148.126,0.0414,0.8647
3147.7874,3148.699,0.0909,1.7371
3147.9854,3148.897,0.0659,0.9111
3148.1995,3149.111,0.0656,1.5384
3150.4873,3151.4,0.1228,1.31
3150.6965,3151.609,0.0717,0.8876
3150.9114,3151.824,0.0818,1.5038
3153.6616,3154.575,0.1632,0.777
3153.8359,3154.749,0.0598,0.8071
3154.0789,3154.992,0.0875,1.2577
3164.0518,3164.968,0.045,1.0627
3169.6096,3170.527,0.0923,0.8234
3171.6594,3172.577,0.0898,0.7946
3209.4827,3210.41,0.0819,1.083
3209.7666,3210.694,0.2848,0.914
3210.7603,3211.688,0.0604,0.8823
3211.752,3212.68,0.1043,1.2754
3211.9795,3212.907,0.0822,0.7092
3212.1833,3213.111,0.0889,1.3915
3213.6025,3214.531,0.0809,1.3191
3213.8083,3214.737,0.0684,0.7631
3214.0347,3214.963,0.0739,1.1345
3215.8848,3216.814,0.0901,1.0595
3216.0754,3217.004,0.0856,0.6274
3216.3118,3217.241,0.0831,1.119
3218.5747,3219.504,0.082,0.733
3218.6396,3219.569,0.0758,0.571
3218.7898,3219.719,0.0667,0.5156
3219.0349,3219.965,0.0747,1.1194
3221.7217,3222.652,0.0648,0.781
3221.8943,3222.825,0.2224,0.4868
3222.2017,3223.132,0.1282,0.708
3229.8706,3230.803,0.0638,0.6844
3236.3047,3237.239,0.0613,0.4956
3236.5024,3237.436,0.0617,0.5435
3238.8171,3239.752,0.085,0.428
3258.51,3259.45,0.1086,0.4183
3258.7251,3259.665,0.0663,0.4301
3258.8679,3259.808,0.0788,0.6943
3260.3518,3261.292,0.0506,0.4108
3260.5237,3261.464,0.0861,0.6425
3260.9724,3261.913,0.066,0.3609
3262.2676,3263.208,0.0645,0.74
3262.4739,3263.415,0.0604,0.5582
3262.6953,3263.636,0.1066,0.8325
3264.9661,3265.907,0.0803,0.6853
3265.1616,3266.103,0.1072,0.5978
3265.3821,3266.324,0.0627,0.8601
3267.0652,3268.007,0.0867,0.4853
3268.623,3269.565,0.0726,1.0508
3271.8921,3272.835,0.2694,0.7337
3276.1152,3277.059,0.0825,0.8237
3276.3347,3277.279,0.0825,0.8605
3280.8835,3281.829,0.0572,0.458
3281.0012,3281.947,0.048,0.2921
3281.1355,3282.081,0.1279,0.54
3281.3984,3282.344,0.2275,0.4233
3281.5955,3282.541,0.1052,0.3313
3281.7988,3282.744,0.061,0.2585
3285.7478,3286.694,0.0865,0.6926
3286.7048,3287.652,0.1076,0.6203
3286.9451,3287.892,0.0674,0.3322
3287.1746,3288.122,0.0598,0.5324
3288.5786,3289.526,0.0784,0.5357
3288.8167,3289.764,0.0774,0.373
3289.0286,3289.976,0.0648,0.5543
3290.8779,3291.826,0.0665,0.5813
3292.8406,3293.789,0.0332,0.5525
3293.1267,3294.075,0.0591,0.7015
3295.2378,3296.187,0.1207,0.9348
3295.4561,3296.405,0.0852,0.6977
3295.656,3296.605,0.0892,0.948
3297.1917,3298.141,0.0945,1.2762
3297.6321,3298.582,0.1131,1.0439
3299.6143,3300.564,0.097,0.9744
3300.062,3301.012,0.0907,1.0439
3302.52,3303.471,0.2969,0.6458
3302.7017,3303.653,0.0848,0.5814
3302.9604,3303.911,0.0736,0.9886
3305.8552,3306.807,0.0922,0.734
3306.0774,3307.029,0.0678,0.5801
3306.3438,3307.296,0.0775,0.8402
3309.6838,3310.636,0.067,0.5925
3309.9175,3310.87,0.0732,0.4508
3310.1626,3311.115,0.1026,0.8338
3310.4207,3311.374,0.0874,0.4837
3310.8594,3311.812,0.0572,0.4797
3311.4404,3312.394,-0.0613,0.3665
3313.0757,3314.029,0.0716,0.379
3313.2856,3314.239,0.183,0.4102
3314.0017,3314.955,0.0859,0.487
3314.1172,3315.071,0.0474,0.6938
3319.0864,3320.041,0.0941,0.7867
3323.8484,3324.805,0.0935,0.7518
3326.5271,3327.484,0.0855,0.5139
3328.1362,3329.094,0.1048,0.5011
3328.8113,3329.769,0.0499,0.3337
3330.1509,3331.109,0.07,0.465
3330.6111,3331.569,0.126,0.4858
3333.1541,3334.113,0.084,0.3853
3334.8154,3335.774,0.0859,0.3412
3335.8889,3336.848,0.0702,0.4166
3368.4978,3369.465,0.0737,0.8012
3368.896,3369.864,0.1257,0.7669
3369.0613,3370.029,0.0658,0.8982
3369.4644,3370.432,0.1153,0.586
3370.113,3371.081,0.1122,0.868
3370.3545,3371.323,0.0608,0.6006
3370.5674,3371.536,0.0795,1.0095
3372.0657,3373.034,0.0842,1.2174
3372.3354,3373.304,0.0973,0.66
3372.5413,3373.51,0.0875,0.8869
3373.1917,3374.161,0.1062,0.4327
3373.5867,3374.556,0.0606,0.5724
3374.5071,3375.476,0.1046,1.1271
3374.751,3375.72,0.0583,0.4792
3374.9651,3375.934,0.1024,0.888
3375.9441,3376.914,0.1148,0.5241
3376.3928,3377.362,0.137,0.5533
3377.4089,3378.379,0.1163,0.5915
3377.4651,3378.435,0.0976,0.5806
3377.615,3378.585,0.0809,0.6214
3377.8953,3378.865,0.1094,0.7752
3377.9968,3378.967,0.0476,0.572
3379.7537,3380.724,0.0787,0.4658
3380.7524,3381.723,0.0302,0.4558
3380.8564,3381.827,0.0903,0.4505
3380.9919,3381.963,0.0741,0.3699
3381.2632,3382.234,0.1093,0.7
3381.7021,3382.673,0.0804,0.5036
3381.8508,3382.822,0.0625,0.3932
3383.7666,3384.738,0.0754,0.3813
3384.595,3385.567,0.0911,0.3851
3384.7417,3385.714,0.005,0.4691
3385.1211,3386.093,0.0932,0.5824
3385.4639,3386.436,0.119,0.376
3420.3298,3421.311,0.0925,0.4978
3420.8052,3421.786,0.0764,0.6152
3423.2046,3424.186,0.0692,0.5548
3423.6921,3424.674,0.072,0.5717
3430.6172,3431.601,0.0954,0.4207
3431.106,3432.09,0.0811,0.4375
3434.5935,3435.578,0.0803,0.3629
3435.3235,3436.308,0.0841,0.4549
3435.6616,3436.646,0.3231,0.4337
3449.8513,3450.84,0.0778,0.4831
3450.667,3451.656,0.0548,0.429
3451.2871,3452.276,0.073,0.6117
3451.5217,3452.511,0.0847,0.4124
3451.7139,3452.703,0.0936,0.5823
3452.7397,3453.729,0.1281,0.5831
3453.0037,3453.993,0.0664,0.3845
3453.2395,3454.229,0.0859,0.5882
3454.4653,3455.455,0.1575,0.3894
3454.7275,3455.717,0.0703,0.6239
3454.9609,3455.951,0.0882,0.4137
3455.2227,3456.213,0.0961,0.49
3456.0886,3457.079,0.0424,0.4243
3456.9675,3457.958,0.0852,0.3218
3457.1738,3458.164,0.1385,0.5542
3457.408,3458.398,0.0892,0.4457
3457.6812,3458.672,0.0804,0.6245
3460.1028,3461.094,0.2176,0.4369
3460.3381,3461.329,0.1177,0.3356
3460.6125,3461.604,0.0872,0.5217
3464.0422,3465.034,0.0963,0.4554
3477.9597,3478.955,0.0696,0.4251
3478.2671,3479.263,0.1113,0.4093
3478.7383,3479.734,0.0902,0.5215
3479.0293,3480.025,0.1433,0.3563
3479.3569,3480.353,0.1109,0.4658
3479.6067,3480.603,0.0998,0.5429
3479.9597,3480.956,0.0437,0.5344
3480.157,3481.153,0.1028,0.4848
3480.4023,3481.399,0.0758,0.4183
3480.583,3481.579,0.0796,0.3654
3480.7522,3481.749,0.0894,0.4629
3481.01,3482.006,0.1103,0.5099
3481.1401,3482.137,0.1231,0.656
3481.3738,3482.37,0.1055,0.3922
3482.2146,3483.211,0.1034,0.505
3482.4629,3483.46,0.1485,0.7425
3482.71,3483.707,0.1353,0.4518
3482.9104,3483.907,0.0864,0.7
3483.4875,3484.485,0.0898,0.4955
3483.7803,3484.777,0.1044,0.5045
3484.7002,3485.698,0.0796,0.7743
3484.9419,3485.939,0.0946,0.7304
3485.1995,3486.197,0.1028,1.0831
3486.5403,3487.538,0.0596,0.5124
3486.8477,3487.846,0.0968,0.5462
3487.5161,3488.514,0.107,0.6044
3487.7505,3488.749,0.0808,0.5256
3488.0151,3489.013,0.0987,0.7972
3488.2932,3489.292,0.1269,0.4269
3488.6162,3489.615,0.0857,0.549
3490.5796,3491.579,0.0749,0.6454
3491.3826,3492.382,0.1151,0.6303
3492.676,3493.675,0.0715,0.5495
3494.95,3495.95,0.1892,0.6429
3497.3875,3498.388,0.1069,0.4456
3499.7742,3500.775,0.0664,0.5312
3502.3574,3503.359,0.0671,0.4328
3502.762,3503.764,0.0802,0.4612
3504.8059,3505.808,0.074,0.3661
3505.3176,3506.32,0.0989,0.2802
3505.7222,3506.725,0.0924,0.4121
3508.9167,3509.92,0.0606,0.4595
3509.8506,3510.854,0.0785,0.4153
3512.1223,3513.127,0.0997,0.4126
3512.9646,3513.969,0.0469,0.317
3517.2117,3518.217,0.0575,0.6437
3520.8459,3521.853,0.0428,0.4469
3540.8975,3541.909,0.0743,0.447
3542.4226,3543.435,0.0782,0.6872
3542.8613,3543.874,0.0858,0.5629
3544.2063,3545.219,0.0876,0.7279
3544.6099,3545.623,0.0963,0.6176
3545.145,3546.158,0.0577,0.6185
3545.5459,3546.559,0.0479,0.4382
3546.2122,3547.225,0.0904,0.6672
3546.6741,3547.687,0.0876,0.7796
3547.2131,3548.227,0.0756,0.4008
3547.9438,3548.957,0.1099,0.6262
3548.8411,3549.855,0.057,0.423
3549.3625,3550.377,0.118,0.4912
3550.3833,3551.398,0.0947,0.5313
3550.9326,3551.947,0.1129,0.5527
3552.6755,3553.69,0.0697,0.5679
3553.1797,3554.195,0.0632,0.4789
3553.9717,3554.987,0.1089,0.6065
3554.374,3555.389,0.065,0.48
3554.5872,3555.603,0.1079,0.5168
3554.7742,3555.79,0.0625,0.3943
3555.1289,3556.144,0.1185,0.2724
3555.5847,3556.6,0.1062,0.5059
3555.8848,3556.901,0.0872,0.3755
3556.0823,3557.098,0.101,0.74
3556.6646,3557.681,0.0881,0.4655
3556.884,3557.9,0.1068,0.2481
3557.842,3558.858,0.084,0.6167
3558.1123,3559.129,0.0745,0.506
3558.3586,3559.375,0.1162,0.5874
3558.905,3559.921,0.0663,0.4479
3560.6448,3561.662,0.1033,0.6511
3560.8909,3561.908,0.0748,0.3544
3561.156,3562.173,0.0984,0.5898
3561.3008,3562.318,0.0844,0.4763
3561.5713,3562.588,0.0883,0.3093
3563.1582,3564.176,0.0695,0.3615
3563.9211,3564.939,0.3538,0.494
3564.2039,3565.222,0.1598,0.4365
3564.4971,3565.515,0.0806,0.4654
3566.5933,3567.612,0.0999,0.3155
3567.8232,3568.842,0.1328,0.3978
3567.9158,3568.935,0.0616,0.3282
3568.3718,3569.391,0.1078,0.4059
3577.7803,3578.802,0.088,0.3339
3582.7427,3583.765,0.0934,0.3265
3615.3508,3616.382,0.0813,0.3989
3615.6157,3616.647,0.0807,0.4255
3616.0425,3617.074,0.0892,0.5282
3616.624,3617.655,0.0702,0.3827
3617.0732,3618.105,0.0843,0.309
3617.3591,3618.391,0.0887,0.4226
3617.8555,3618.887,0.1087,0.3312
3618.2593,3619.291,0.0872,0.4458
3618.7988,3619.831,0.1038,0.2993
3619.3157,3620.348,0.091,0.3782
3619.8936,3620.926,0.094,0.3677
3620.5349,3621.567,0.0803,0.4015
3621.1628,3622.195,0.0734,0.4972
3621.9097,3622.942,0.075,0.3736
3622.5818,3623.615,0.0659,0.4852
3623.4382,3624.471,0.0629,0.3678
3624.1643,3625.198,0.0832,0.4631
3625.1311,3626.165,0.0044,0.3228
3625.9011,3626.935,0.0727,0.3726
3627.8064,3628.841,0.1052,0.4516
3629.011,3630.046,0.0782,0.4291
3629.8596,3630.894,0.1679,0.4217
3632.0857,3633.121,0.0973,0.4814
3632.3052,3633.341,0.0765,0.4401
3633.3684,3634.404,0.0682,0.4058
3633.9368,3634.973,0.0992,0.4379
3634.4705,3635.506,0.0926,0.4184
3635.5181,3636.554,0.1003,0.4742
3636.0593,3637.096,0.0837,0.5928
3637.0107,3638.047,0.0935,0.2889
3638.1738,3639.211,0.112,0.3346
3638.4165,3639.454,0.0645,0.2559
3638.7017,3639.739,0.0929,0.5193
3639.7197,3640.757,0.0738,0.3056
3640.5081,3641.546,0.0754,0.3043
3641.271,3642.309,0.1048,0.309
3641.532,3642.57,0.0867,0.4023
3641.8528,3642.891,0.087,0.3496
3642.5894,3643.627,0.0758,0.3779
3643.2754,3644.314,0.119,0.3506
3645.4976,3646.536,0.0688,0.2627
3645.6328,3646.672,0.092,0.3234
3649.0522,3650.092,0.0629,0.3104
3649.334,3650.374,0.0756,0.2738
3649.6709,3650.711,0.0646,0.2875
3664.7971,3665.841,0.099,0.263
3668.0999,3669.145,0.0701,0.2368
3669.8137,3670.859,0.0939,0.3233
3673.4053,3674.451,0.0664,0.2714
3676.0754,3677.122,0.1276,0.2555
3697.8506,3698.903,0.0731,0.3367
3698.1045,3699.157,0.0722,0.4139
3698.4983,3699.551,0.1235,0.3661
3699.0808,3700.133,0.058,0.361
3699.6147,3700.668,0.14,0.2569
3699.8123,3700.865,0.0835,0.328
3700.4097,3701.463,0.1004,0.2977
3700.6895,3701.743,0.0833,0.3361
3701.3677,3702.421,0.0832,0.3587
3701.7278,3702.781,0.1019,0.3605
3702.458,3703.512,0.0777,0.3668
3702.9326,3703.986,0.0701,0.3059
3703.7253,3704.779,0.0983,0.3384
3704.2844,3705.338,0.1217,0.2902
3705.1528,3706.207,0.0871,0.3685
3705.8101,3706.865,0.0556,0.2612
3706.7273,3707.782,0.087,0.351
3707.4951,3708.55,0.0992,0.2616
3708.4702,3709.525,0.0945,0.3449
3709.3374,3710.393,0.0783,0.2477
3710.3804,3711.436,0.071,0.3882
3711.1672,3712.223,0.0807,0.2051
3711.3474,3712.403,0.0822,0.2103
3714.6794,3715.736,0.1021,0.3156
3717.0417,3718.099,0.0832,0.2776
3719.6013,3720.659,0.0659,0.2612
3722.3274,3723.386,0.0893,0.3423
3728.2622,3729.322,0.1088,0.2868
3731.3594,3732.42,0.1061,0.2952
3731.6438,3732.705,0.0977,0.3017
3733.1506,3734.212,0.0764,0.3855
3733.5808,3734.642,0.0758,0.338
3734.0183,3735.08,0.1024,0.2518
3734.2122,3735.274,0.2313,0.2496
3734.5364,3735.598,0.1122,0.3314
3734.8113,3735.873,0.0921,0.3705
3735.0513,3736.113,0.0735,0.2415
3735.7109,3736.773,0.0726,0.2613
3736.3674,3737.43,0.0637,0.3602
3736.9844,3738.047,0.1557,0.3439
3737.6233,3738.686,0.1016,0.2691
3737.8049,3738.868,0.1441,0.2543
3738.0879,3739.151,0.0856,0.2728
3738.5237,3739.587,0.1538,0.3374
3738.8252,3739.888,0.1036,0.215
3739.0984,3740.161,0.1942,0.3824
3739.3103,3740.373,0.1177,0.3926
3739.6133,3740.676,0.1874,0.4298
3739.7771,3740.84,0.0863,0.3508
3739.8865,3740.95,0.0484,0.189
3741.0708,3742.134,0.1128,0.4576
3741.6289,3742.693,0.0754,0.5167
3743.5273,3744.592,0.1785,0.353
3743.7969,3744.861,0.1076,0.2802
3744.0588,3745.123,0.1126,0.5272
3746.501,3747.566,0.1255,0.4925
3746.7795,3747.845,0.0883,0.3104
3747.0688,3748.134,0.0747,0.5188
3750.3472,3751.413,0.1356,0.2891
3750.6619,3751.728,0.0683,0.3598
3754.1956,3755.263,0.0725,0.3199
3754.4954,3755.562,0.0806,0.2555
3754.8347,3755.902,0.1005,0.4822
3757.7944,3758.862,0.0827,0.1921
3758.2217,3759.29,0.0935,0.1663
3758.9431,3760.011,0.0899,0.2997
3759.0933,3760.162,0.0497,0.1702
3759.2332,3760.301,0.0916,0.2178
3759.5779,3760.646,0.0825,0.2383
3747.0691,3748.134,0.1069,0.2447
3750.0967,3751.163,0.0885,0.1707
3750.3438,3751.41,0.0873,0.133
3750.6519,3751.718,0.1617,0.1968
3754.2141,3755.281,0.0356,0.3466
3754.8308,3755.898,0.1038,0.3831
3758.2297,3759.298,0.0926,0.1863
3758.9431,3760.011,0.0789,0.2666
3759.5818,3760.65,0.0886,0.212
3764.2703,3765.34,0.1668,0.2585
3764.9436,3766.013,0.0908,0.1587
3765.9292,3766.999,0.0887,0.1783
3770.2012,3771.272,0.0982,0.1627
3770.396,3771.467,0.0687,0.1285
3770.5605,3771.632,0.1,0.096
3772.3159,3773.388,0.0701,0.2273
3772.9663,3774.038,0.0755,0.285
3773.4285,3774.5,0.1203,0.2996
3774.9397,3776.012,0.3464,0.3147
3775.2329,3776.305,0.1444,0.2836
3775.4824,3776.555,0.0734,0.2848
3777.6162,3778.689,0.1037,0.3392
3778.188,3779.261,0.1069,0.3141
3780.9341,3782.008,0.0703,0.3002
3781.2139,3782.288,0.1353,0.2304
3781.5039,3782.578,0.1157,0.264
3784.8796,3785.955,0.3029,0.3039
3785.4634,3786.538,0.0695,0.237
3790.072,3791.148,0.116,0.2283
3791.2578,3792.334,0.074,0.2554
3791.9639,3793.041,0.1847,0.2219
3792.5469,3793.624,0.0425,0.1782
3792.8516,3793.929,0.0865,0.2163
3794.7515,3795.829,0.0834,0.2728
3795.082,3796.16,0.1429,0.2225
3795.3748,3796.452,0.1419,0.1847
3796.4329,3797.511,0.1008,0.242
3797.3406,3798.419,0.0297,0.1127
3797.4739,3798.552,0.0761,0.1884
3797.948,3799.026,0.0858,0.1263
3799.0879,3800.167,0.1034,0.1237
3799.6438,3800.723,0.0734,0.1779
3800.8188,3801.898,0.0902,0.2175
3801.4971,3802.576,0.0685,0.2465
3809.4824,3810.564,0.1059,0.2068
3812.6921,3813.774,0.0836,0.2788
3813.4255,3814.508,0.0973,0.3296
3814.0615,3815.144,0.1163,0.2642
3814.8359,3815.919,0.1609,0.3682
3815.4399,3816.523,0.1007,0.2476
3815.8096,3816.893,0.3145,0.2371
3816.4583,3817.541,0.0802,0.2057
3816.9585,3818.042,0.2056,0.2937
3817.7595,3818.843,0.0215,0.1941
3818.2493,3819.333,0.0699,0.2862
3819.0027,3820.086,0.076,0.3734
3819.6873,3820.771,0.1473,0.2225
3820.5134,3821.598,0.0699,0.6196
3820.8027,3821.887,0.1221,0.2029
3821.3699,3822.454,0.0858,0.3024
3821.6624,3822.747,0.0669,0.161
3822.0603,3823.145,0.0819,0.1989
3822.24,3823.325,0.0869,0.3384
3822.5674,3823.652,0.1936,0.1411
3823.2153,3824.3,0.1033,0.2815
3824.1191,3825.204,0.071,0.3747
3824.2793,3825.364,0.0648,0.1687
3825.2012,3826.287,0.0927,0.2437
3826.1819,3827.268,0.1119,0.2956
3826.637,3827.723,0.0632,0.1993
3827.0354,3828.121,0.1256,0.1706
3827.3862,3828.472,0.1209,0.1726
3828.4089,3829.495,0.0748,0.324
3828.5676,3829.654,0.0583,0.3008
3829.1289,3830.215,0.0825,0.2693
3829.5503,3830.637,0.0707,0.3602
3830.1438,3831.23,0.0715,0.1949
3830.3196,3831.406,0.1021,0.301
3830.6306,3831.717,0.1003,0.4063
3830.8303,3831.917,0.0953,0.6009
3830.981,3832.068,0.1343,0.1787
3831.2466,3832.334,0.164,0.1695
3832.103,3833.19,0.1582,0.3707
3832.4348,3833.522,0.084,0.251
3832.6917,3833.779,0.1006,0.4406
3832.9136,3834.001,0.1729,0.2581
3833.3828,3834.47,0.0806,0.2035
3833.5439,3834.631,0.0954,0.2332
3834.5349,3835.623,0.0957,0.5418
3835.1045,3836.192,0.0995,0.3202
3837.511,3838.6,0.1465,0.4411
3837.8091,3838.898,0.1715,0.2657
3838.1135,3839.202,0.1058,0.382
3839.084,3840.173,0.0892,0.2525
3841.3704,3842.46,0.0722,0.3449
3841.698,3842.788,0.0901,0.4507
3842.1606,3843.25,0.095,0.2626
3845.1995,3846.29,0.0633,0.3142
3845.3442,3846.435,0.0509,0.2948
3845.5046,3846.595,0.0971,0.3044
3845.8962,3846.987,0.1918,0.3707
3847.1987,3848.29,0.1134,0.2018
3847.5149,3848.606,0.1547,0.2902
3848.1729,3849.264,0.0874,0.2422
3848.9294,3850.021,0.1305,0.1409
3849.9272,3851.019,0.0779,0.2404
3850.1099,3851.202,0.0486,0.253
3850.2642,3851.356,0.0975,0.2505
3850.6091,3851.701,0.1236,0.2801
3850.8804,3851.972,0.094,0.1945
3852.554,3853.647,0.0018,0.1394
3854.1501,3855.243,0.0522,0.1688
3855.25,3856.343,0.1132,0.2513
3855.9541,3857.048,0.1106,0.2546
3864.6057,3865.701,0.0946,0.2152
3865.189,3866.285,0.111,0.138
3875.6069,3876.705,0.125,0.205
3882.9121,3884.013,0.1046,0.1838
3888.6414,3889.743,0.15,0.6686
3890.0657,3891.168,0.099,0.2127
3904.5752,3905.681,0.1182,0.4027
3904.8369,3905.943,0.1196,0.3804
3905.2898,3906.396,0.1151,0.3147
3905.8674,3906.974,0.0773,0.3477
3906.5217,3907.628,0.3396,0.2323
3906.6548,3907.761,0.0935,0.3425
3907.3726,3908.479,0.0582,0.4886
3907.6055,3908.712,0.0946,0.5377
3908.3855,3909.493,0.1106,0.3835
3908.7356,3909.843,0.0874,0.3878
3909.6064,3910.714,0.1404,0.3588
3910.0293,3911.137,0.077,0.4684
3910.9512,3912.059,0.0933,0.3843
3911.4727,3912.581,0.0883,0.3999
3912.4846,3913.593,0.1034,0.464
3913.6907,3914.799,0.0952,0.2797
3914.1921,3915.301,0.0828,0.4562
3914.6953,3915.804,0.1037,0.2579
3914.9451,3916.054,0.1129,0.3355
3916.0845,3917.194,0.0963,0.3895
3916.9219,3918.031,0.0962,0.2882
3918.1409,3919.251,0.1159,0.3204
3918.4622,3919.572,0.0684,0.2395
3919.0793,3920.189,0.1195,0.2634
3920.3784,3921.489,0.0941,0.3278
3921.1182,3922.229,0.1017,0.2127
3921.4036,3922.514,0.0869,0.2214
3922.7874,3923.898,0.0943,0.3253
3923.5964,3924.707,0.0733,0.2266
3923.9041,3925.015,0.1655,0.2125
3925.3721,3926.484,0.0982,0.3156
3926.2659,3927.378,0.1524,0.1825
3926.6111,3927.723,0.0934,0.1493
3927.835,3928.947,0.089,0.1966
3928.1396,3929.252,0.0748,0.3174
3929.0977,3930.21,0.0593,0.1842
3929.4673,3930.58,0.0773,0.1674
3931.0825,3932.195,0.093,0.3032
3932.5195,3933.633,0.0521,0.3614
3937.4954,3938.61,0.065,0.1819
3939.5325,3940.648,0.0936,0.1883
3939.8372,3940.952,0.1088,0.2212
3940.5105,3941.626,0.0281,0.1932
3940.9724,3942.088,0.1046,0.2094
3941.1692,3942.285,0.093,0.2211
3941.7314,3942.847,0.1349,0.2836
3942.8479,3943.964,0.2803,0.3108
3943.5229,3944.639,0.1337,0.3778
3945.2131,3946.33,0.1026,0.3052
3945.5115,3946.628,0.0815,0.2182
3945.6331,3946.75,0.0362,0.2
3945.8608,3946.978,0.0974,0.3728
3948.0754,3949.193,0.1504,0.2781
3948.4072,3949.525,0.1638,0.2312
3948.7307,3949.848,0.0983,0.3406
3951.2712,3952.389,0.1649,0.1803
3951.5422,3952.661,0.4358,0.2432
3951.8115,3952.93,0.1021,0.2229
3952.1814,3953.3,0.1068,0.2394
3953.4277,3954.547,0.0329,0.2054
3953.9563,3955.075,0.0798,0.2602
3955.4446,3956.564,0.0868,0.2176
3955.5955,3956.715,0.0617,0.2035
3955.7886,3956.908,0.0897,0.2035
3956.1753,3957.295,0.1065,0.2153
3956.7029,3957.823,0.0828,0.2043
3959.6155,3960.736,0.0434,0.1184
3959.7803,3960.901,0.0494,0.15
3960.1375,3961.258,0.0522,0.1675
3960.3359,3961.457,0.0892,0.1797
3960.7327,3961.853,0.214,0.179
3961.5901,3962.711,0.0958,0.2003
3973.9233,3975.047,0.1242,0.3001
3974.3582,3975.482,0.1892,0.1777
3974.8506,3975.975,0.0679,0.2026
3977.4807,3978.606,0.1754,0.2448
3977.8528,3978.978,0.2861,0.2075
3978.1108,3979.236,0.118,0.2714
3980.3809,3981.507,0.0804,0.3034
3980.7285,3981.854,0.0674,0.259
3981.0088,3982.135,0.126,0.2952
3981.4341,3982.56,0.1128,0.2664
3983.9578,3985.085,0.0965,0.2266
3984.2803,3985.407,0.0672,0.1885
3984.5964,3985.723,0.1026,0.3363
3988.2124,3989.34,0.0876,0.2535
3988.2939,3989.422,0.0735,0.1955
3988.5488,3989.677,0.1071,0.1887
3988.8848,3990.013,0.1275,0.2609
3989.8164,3990.945,0.0657,0.2075
3993.1892,3994.318,0.1584,0.1938
3993.5129,3994.642,0.1789,0.1799
3993.8691,3994.998,0.1261,0.2348
3999.0938,4000.225,0.108,0.2483
3999.5444,4000.675,0.1884,0.264
4007.5122,4008.645,0.0722,0.3405
4007.7639,4008.897,0.1127,0.3331
4008.1887,4009.322,0.0984,0.3023
4008.7959,4009.929,0.1115,0.2761
4009.3809,4010.514,0.3401,0.2231
4009.5396,4010.673,0.1237,0.3206
4010.438,4011.572,0.2295,0.2456
4011.4348,4012.569,0.1063,0.2865
4011.6072,4012.741,0.086,0.2632
4012.6267,4013.761,0.0868,0.2808
4012.9031,4014.037,0.0765,0.2643
4014.0237,4015.158,0.1202,0.3385
4014.3364,4015.471,0.1368,0.2581
4015.5737,4016.709,0.0863,0.297
4015.9971,4017.132,0.1094,0.2631
4016.5945,4017.73,0.1079,0.223
4017.3018,4018.437,0.0907,0.2691
4017.8035,4018.939,0.074,0.2177
4019.2097,4020.346,0.0732,0.3182
4019.801,4020.937,0.1183,0.251
4020.2322,4021.368,0.0564,0.1706
4020.5059,4021.642,0.1021,0.1948
4021.3015,4022.438,0.1042,0.2864
4021.9668,4023.104,0.0791,0.2176
4023.5413,4024.678,0.0883,0.274
4024.311,4025.448,0.0905,0.214
4024.5024,4025.64,0.0828,0.2061
4024.8259,4025.963,0.0714,0.1947
4025.9839,4027.122,0.0812,0.2548
4026.8291,4027.967,0.0613,0.2689
4028.5884,4029.727,0.1308,0.2576
4028.8652,4030.004,0.0718,0.2252
4029.0635,4030.202,0.0228,0.1782
4029.73,4030.869,0.0993,0.2134
4031.3845,4032.524,0.0779,0.1884
4032.6445,4033.784,0.0641,0.2429
4043.1538,4044.296,0.0727,0.2381
4043.3801,4044.522,0.1296,0.2742
4044.0322,4045.175,0.0787,0.1841
4044.376,4045.519,0.0703,0.2556
4044.7043,4045.847,0.1143,0.2747
4045.373,4046.516,0.0945,0.2709
4047.3276,4048.471,0.0891,0.3715
4047.6616,4048.805,0.0935,0.2784
4047.9858,4049.129,0.1557,0.3334
4050.3809,4051.525,0.116,0.3056
4050.5469,4051.691,0.3654,0.2497
4050.877,4052.021,0.1058,0.2748
4051.2253,4052.37,0.0879,0.3204
4054.3818,4055.527,0.092,0.2609
4054.4983,4055.644,0.0893,0.2683
4054.7114,4055.857,0.091,0.1756
4055.0901,4056.235,0.1135,0.2446
4057.7039,4058.85,0.105,0.1986
4058.8882,4060.035,0.4466,0.1975
4058.991,4060.137,0.0748,0.2097
4059.5938,4060.74,0.1367,0.2489
4060.8228,4061.97,0.0473,0.243
4061.4753,4062.622,0.091,0.2928
4061.8254,4062.973,0.0775,0.1886
4061.9619,4063.109,0.0962,0.3056
4062.6602,4063.808,0.1956,0.1822
4062.8931,4064.041,0.0969,0.2222
4063.24,4064.387,0.0887,0.1947
4063.4717,4064.619,0.0845,0.2373
4064.7012,4065.849,0.115,0.2132
4064.9783,4066.126,0.1493,0.2871
4065.6296,4066.778,0.0961,0.3353
4065.8384,4066.987,0.0834,0.2322
4066.0134,4067.162,0.1127,0.2822
4066.8572,4068.006,0.0334,0.1997
4067.8145,4068.963,0.0668,0.3222
4068.1665,4069.315,0.1359,0.2227
4068.4834,4069.632,0.1127,0.3277
4069.335,4070.484,0.079,0.2169
4076.0906,4077.241,0.0266,0.3231
4076.2253,4077.376,0.1273,0.2577
4078.3984,4079.55,0.0734,0.2088
4079.6174,4080.769,0.3709,0.1874
4079.8245,4080.976,0.0615,0.1981
4080.3782,4081.53,0.095,0.2448
4080.5229,4081.675,0.0591,0.2411
4081.0544,4082.207,0.3724,0.2473
4081.5059,4082.658,0.115,0.2789
4082.562,4083.715,0.0786,0.2346
4083.1431,4084.296,0.116,0.2769
4084.0857,4085.239,0.1324,0.0949
4084.375,4085.528,0.1008,0.1885
4084.9697,4086.123,0.0901,0.2038
4085.6379,4086.791,0.0944,0.2512
4085.9456,4087.099,0.079,0.1849
4086.3425,4087.496,0.1113,0.2514
4086.6931,4087.847,0.1325,0.219
4087.0093,4088.163,0.0874,0.2635
4088.5906,4089.745,0.0668,0.1918
4089.261,4090.415,0.0747,0.2545
4089.6465,4090.801,0.0296,0.1878
4091.0217,4092.176,0.0815,0.1655
4091.1948,4092.35,0.0634,0.1952
4091.7031,4092.858,0.1184,0.2396
4092.2104,4093.365,0.0862,0.2071
4092.9548,4094.11,0.1156,0.1791
4093.3032,4094.459,0.1029,0.1641
4093.6621,4094.818,0.1278,0.21
4094.3735,4095.529,0.1163,0.2064
4096.2808,4097.437,0.108,0.1449
4096.501,4097.657,0.1425,0.1603
4096.9893,4098.146,0.1185,0.1848
4097.2612,4098.418,0.0909,0.2234
4097.5376,4098.694,0.1267,0.159
4097.8682,4099.025,0.2195,0.1419
4098.999,4100.156,0.0925,0.1586
4099.2192,4100.376,0.0964,0.1843
4099.5522,4100.709,0.1023,0.2146
4100.3506,4101.508,0.0812,0.2048
4100.6323,4101.79,0.1303,0.1288
4100.9854,4102.143,0.0846,0.1246
4101.3477,4102.505,0.1512,0.1457
4101.7217,4102.879,0.1427,0.1214
4103.6431,4104.801,0.2382,0.1535
4103.978,4105.136,0.1142,0.1679
4107.1709,4108.33,0.1872,0.2826
4107.5493,4108.708,0.1138,0.2387
4109.1748,4110.334,0.0851,0.2567
4109.4419,4110.601,0.1412,0.2116
4113.96,4115.121,0.0866,0.2158
4114.5269,4115.688,0.0956,0.3318
4120.8105,4121.973,0.1015,0.3278
4122.3135,4123.476,0.0796,0.2021
4122.9434,4124.107,0.1226,0.2226
4125.2925,4126.456,0.1282,0.2675
4126.3677,4127.532,0.0881,0.213
4128.0522,4129.217,0.1066,0.3397
4130.5283,4131.693,0.1172,0.1934
4130.7964,4131.962,0.089,0.2095
4132.6787,4133.844,0.0623,0.251
4134.3467,4135.513,0.1414,0.1795
4134.6021,4135.768,0.123,0.1627
4136.2769,4137.444,0.0958,0.3484
4136.769,4137.936,0.1345,0.2077
4138.2363,4139.403,0.1765,0.1951
4138.4863,4139.654,0.0617,0.1914
4138.7109,4139.878,0.107,0.2618
4139.9185,4141.086,0.1023,0.1925
4145.4756,4146.645,0.1283,0.2912
4155.4014,4156.573,0.1214,0.2602
4155.6846,4156.856,0.1233,0.3251
4156.5396,4157.712,0.0944,0.1814
4156.8423,4158.014,0.2413,0.2552
4158.1313,4159.304,0.1152,0.329
4158.5151,4159.688,0.0948,0.2848
4158.8325,4160.005,0.0981,0.3296
4160.7505,4161.924,0.1112,0.3347
4161.1162,4162.289,0.1007,0.2541
4161.4683,4162.642,0.1117,0.3045
4163.9902,4165.164,0.1522,0.2943
4164.0605,4165.234,0.1546,0.3254
4164.3862,4165.56,0.1542,0.2735
4164.7261,4165.9,0.1015,0.3483
4164.9873,4166.161,0.1472,0.3194
4165.707,4166.881,0.0932,0.3668
4166.6475,4167.822,0.1056,0.2209
4166.9141,4168.089,0.0932,0.2773
4167.2861,4168.461,0.0943,0.1985
4167.8252,4169.0,0.1076,0.3256
4168.2197,4169.395,0.1354,0.2709
4168.5732,4169.748,0.2208,0.3222
4169.1333,4170.309,0.158,0.2596
4169.7451,4170.921,0.1389,0.2071
4169.877,4171.052,0.127,0.2532
4171.0615,4172.237,0.0953,0.1952
4171.4766,4172.652,0.1979,0.2286
4171.6924,4172.868,0.0613,0.1775
4172.3408,4173.517,0.1408,0.277
4172.687,4173.863,0.1111,0.2117
4172.9961,4174.172,0.0707,0.3239
4173.1328,4174.309,0.1688,0.2304
4173.3115,4174.488,0.1095,0.2086
4174.7798,4175.957,0.0975,0.2854
4175.332,4176.509,0.0724,0.289
4175.5,4176.677,0.0978,0.3023
4176.5537,4177.731,0.0599,0.1761
4176.7695,4177.947,0.1292,0.165
4177.5264,4178.704,0.1345,0.2535
4177.8848,4179.062,0.2049,0.2783
4178.27,4179.448,0.1037,0.2407
4178.6123,4179.79,0.0473,0.2716
4179.1802,4180.358,0.2637,0.1607
4182.3486,4183.527,0.1257,0.2129
4182.604,4183.783,0.0943,0.2313
4184.104,4185.283,0.2609,0.1844
4184.2881,4185.467,0.089,0.1714
4185.4136,4186.593,0.0867,0.39
4185.8213,4187.001,0.1796,0.2328
4186.6353,4187.815,0.1488,0.2354
4188.4971,4189.677,0.0782,0.2385
4189.3008,4190.481,0.0938,0.3068
4189.6836,4190.864,0.0885,0.2153
4194.6104,4195.792,0.1029,0.3358
4200.8711,4202.055,0.1195,0.3548
4203.6553,4204.84,0.0931,0.1624
4204.5361,4205.721,0.0625,0.1726
4206.918,4208.103,0.1261,0.2574
4208.0791,4209.265,0.0849,0.47
4216.2603,4217.448,0.1014,0.3655
4225.416,4226.606,0.1213,0.3505
4235.5571,4236.75,0.113,0.3347
4246.7163,4247.912,0.0991,0.3174
4246.9727,4248.168,0.1512,0.1994
4247.4355,4248.631,0.0906,0.2008
4248.0845,4249.28,0.1919,0.2052
4248.9204,4250.117,0.1006,0.2694
4249.8955,4251.092,0.074,0.2395
4251.1147,4252.311,0.2348,0.2073
4252.2896,4253.487,0.0956,0.2403
4253.8315,4255.029,0.1013,0.2446
4254.0991,4255.297,0.1033,0.194
4272.1343,4273.337,0.1337,0.2014
4279.3521,4280.556,0.1149,0.1815
4279.7358,4280.94,0.166,0.1744
4284.1899,4285.395,0.1903,0.1841
4285.0303,4286.236,0.0963,0.2716
4286.4634,4287.669,0.0951,0.1837
4291.3213,4292.529,0.1028,0.235
4297.3857,4298.595,0.0802,0.2793
4298.5063,4299.716,0.1051,0.236
4303.5171,4304.728,0.2265,0.1805
4310.2773,4311.49,0.1096,0.1891
4311.4604,4312.673,0.1127,0.2026
4312.2329,4313.446,0.0803,0.1921
4314.0547,4315.268,0.1696,0.2817
4314.8174,4316.031,0.0737,0.2419
4315.8564,4317.07,0.1081,0.2409
4317.2041,4318.418,0.1394,0.2501
4317.5747,4318.789,0.0813,0.2111
4317.9976,4319.212,0.1092,0.2768
4318.4165,4319.631,0.1378,0.1886
4321.3589,4322.574,0.1336,0.2191
4321.8037,4323.019,0.1421,0.2147
4325.9814,4327.198,0.0683,0.2012
4340.4424,4341.663,0.2478,0.2588
4368.2495,4369.477,0.1089,0.4518
4383.1841,4384.416,0.1373,0.2016
4384.9258,4386.158,0.11,0.1877
4391.229,4392.463,0.102,0.1978
4400.2559,4401.492,0.121,0.2007
4401.7744,4403.011,0.32,0.2005
4402.3521,4403.589,0.1807,0.231
4403.8213,4405.058,0.1198,0.2298
4404.8281,4406.065,0.116,0.1704
4405.2202,4406.458,0.095,0.2474
4405.3745,4406.612,0.1011,0.2026
4405.6826,4406.92,0.104,0.2397
4406.0693,4407.307,0.1573,0.256
4406.3193,4407.557,0.0899,0.256
4406.7393,4407.977,0.0925,0.2097
4406.9941,4408.232,0.1291,0.2781
4408.0801,4409.318,0.1116,0.256
4408.522,4409.76,0.1544,0.2707
4408.8794,4410.118,0.1271,0.236
4409.002,4410.24,0.1256,0.2293
4409.3496,4410.588,0.0835,0.2589
4411.6162,4412.855,0.1572,0.3738
4412.0259,4413.265,0.1089,0.27
4412.4126,4413.652,0.0978,0.4007
4415.4526,4416.693,0.1312,0.2725
4415.8101,4417.05,0.1496,0.2511
4416.2036,4417.444,0.1085,0.3821
4420.731,4421.972,0.1721,0.2511
4420.8115,4422.053,0.095,0.2622
4422.8154,4424.057,0.1001,0.2156
4425.9917,4427.234,0.0903,0.3054
4432.9175,4434.162,0.0895,0.2425
4436.0166,4437.262,0.1055,0.2528
4445.3613,4446.609,0.1205,0.2173
4445.5894,4446.837,0.1074,0.251
4446.437,4447.685,0.1785,0.2467
4455.6328,4456.883,0.1435,0.1885
4458.0776,4459.329,0.1141,0.2515
4462.7642,4464.017,0.0455,0.3924
4467.563,4468.817,0.0786,0.2454
4474.9009,4476.157,0.1411,0.241
4484.9233,4486.182,0.1004,0.2511
4507.6899,4508.954,0.0747,0.2801
4528.5835,4529.853,0.0875,0.2059
4530.5122,4531.783,0.1122,0.2213
4530.8091,4532.08,0.1683,0.2047
4535.1128,4536.384,0.1144,0.2349
4535.937,4537.209,0.1205,0.2176
4536.1704,4537.442,0.1094,0.2027
4536.3423,4537.614,0.1062,0.2274
4537.0884,4538.361,0.1098,0.2593
4538.5312,4539.804,0.1308,0.2209
4539.2915,4540.564,0.0797,0.2871
4539.4243,4540.697,0.0802,0.2321
4540.1465,4541.419,0.0498,0.2391
4541.7061,4542.979,0.1391,0.2873
4543.2432,4544.517,0.0982,0.2428
4543.9502,4545.224,0.0772,0.2292
4544.3428,4545.617,0.0801,0.251
4553.1172,4554.394,0.4249,0.2166
4553.6108,4554.887,0.1466,0.2674
4564.9048,4566.184,0.1457,0.2177
4567.9546,4569.235,0.1115,0.2313
4576.9209,4578.204,0.0948,0.2636
4579.7202,4581.004,0.0975,0.2306
4580.146,4581.429,0.1221,0.1928
4580.4272,4581.711,0.083,0.2092
4581.2061,4582.49,0.0859,0.2118
4582.4717,4583.756,0.162,0.2298
4582.9268,4584.211,0.0803,0.2243
4583.3188,4584.603,0.1698,0.2457
4585.2524,4586.537,0.0885,0.2561
4585.6968,4586.982,0.0577,0.2054
4586.1597,4587.445,0.0931,0.2466
4586.9336,4588.219,0.143,0.2194
4589.6289,4590.915,0.158,0.2432
4659.5977,4660.902,0.1257,0.2626
4660.7734,4662.078,0.1066,0.2266
4662.0542,4663.359,0.1403,0.2158
4662.2324,4663.538,0.0916,0.2407
4667.3428,4668.649,0.115,0.1886
4667.771,4669.078,0.1252,0.1835
4669.0024,4670.309,0.091,0.2088
4669.5747,4670.882,0.12,0.2243
4671.9976,4673.305,0.1406,0.2282
4672.2256,4673.533,0.1469,0.1997
4672.5767,4673.885,0.1667,0.1855
4674.6753,4675.984,0.1178,0.224
4675.0205,4676.329,0.2419,0.1971
4675.3716,4676.68,0.0929,0.2111
4675.7578,4677.067,0.174,0.2252
4678.3101,4679.62,0.0901,0.188
4680.6963,4682.006,0.1108,0.2155
4681.189,4682.499,0.054,0.1862
4681.5889,4682.899,0.2425,0.252
4711.0918,4712.41,0.1154,0.2293
4719.3926,4720.713,0.1314,0.2231
4811.6138,4812.959,0.0473,0.2096
4812.4478,4813.793,0.0849,0.26
4818.9287,4820.275,0.1095,0.246
4820.5786,4821.926,0.2312,0.215
4821.5142,4822.862,0.1706,0.2621
4823.9038,4825.252,0.1189,0.1904
4824.8423,4826.191,0.1203,0.2621
4828.0532,4829.402,0.153,0.2387
4828.978,4830.327,0.1551,0.2504
4842.5112,4843.864,0.1783,0.2649
4847.4321,4848.786,0.0799,0.2278
4847.8984,4849.253,0.2003,0.21
4861.3203,4862.678,0.1448,0.3118
4882.6499,4884.014,0.2741,0.1472
4883.0737,4884.437,0.1221,0.1843
4905.0894,4906.459,0.1135,0.2608
4910.1543,4911.525,0.136,0.1434
4918.4058,4919.779,0.1161,0.178
4931.4146,4932.791,0.0833,0.1379
4931.8706,4933.247,0.0948,0.2183
4936.4136,4937.791,0.1106,0.1492
4937.8062,4939.184,0.1571,0.2783
4947.9053,4949.286,0.1165,0.1601
4953.3481,4954.73,0.1667,0.1717
4953.4849,4954.867,0.1121,0.2106
4963.2427,4964.628,0.1224,0.1544
4966.4927,4967.879,0.1269,0.2027
4975.4053,4976.794,0.0975,0.1735
4977.5449,4978.934,0.109,0.1736
4992.3281,4993.721,0.0885,0.1761
4995.5752,4996.969,0.0981,0.1481
4995.9541,4997.348,0.1549,0.1365
5004.4351,5005.831,0.1224,0.1555
5078.8462,5080.262,0.11,0.1412
5091.0156,5092.435,0.1009,0.1471
5187.4033,5188.848,0.111,0.2708
5187.7563,5189.201,0.1209,0.2707
5189.2603,5190.705,0.1832,0.1586
5189.4976,5190.943,0.1165,0.1809
5197.9282,5199.376,0.1219,4.7512
5200.2856,5201.734,0.1211,2.7566
5202.979,5204.428,0.12,0.5274
5208.7935,5210.244,0.1373,0.2311
5217.3906,5218.843,0.1501,0.1975
5224.145,5225.599,0.129,0.4948
5232.1528,5233.609,0.1299,0.2646
5238.752,5240.21,0.1629,0.5508
5249.8804,5251.342,0.1447,0.243
5254.2749,5255.737,0.1016,0.1418
5256.0454,5257.508,0.175,0.3341
5256.1328,5257.596,0.1991,0.3466
5256.7769,5258.24,0.1305,0.1508
5261.2046,5262.669,0.2607,0.1413
5275.0732,5276.541,0.1316,0.2359
5276.1431,5277.611,0.1125,0.2391
5276.355,5277.823,0.1256,0.2164
5294.0454,5295.518,0.1348,0.1667
5298.501,5299.975,0.1396,0.222
5299.1597,5300.634,0.1245,0.1812
5299.4575,5300.932,0.1104,0.1919
5306.5884,5308.065,0.1669,0.1672
5311.7803,5313.258,0.1945,0.147
5313.2417,5314.72,0.1845,0.2648
5320.4951,5321.975,0.1767,0.1476
5324.4429,5325.924,0.1536,0.1434
5325.1694,5326.651,0.0814,0.1515
5325.5093,5326.991,0.1284,0.1398
5329.6812,5331.164,0.1119,0.1608
5330.4224,5331.905,0.6644,0.1734
5330.729,5332.212,0.1693,0.1942
5344.7725,5346.259,0.1514,0.1285
5349.9253,5351.413,0.1268,0.1525
5350.1484,5351.636,0.1015,0.144
5354.1812,5355.67,0.119,0.1413
5354.644,5356.133,0.1189,0.1414
5502.4004,5503.929,0.1126,0.1504
5542.2358,5543.775,0.1332,0.451
5543.4458,5544.985,0.1349,0.1511
5544.5923,5546.132,0.1303,0.4431
5544.8945,5546.435,0.1387,0.2168
5549.3433,5550.884,0.1338,0.2109
5562.9663,5564.511,0.1789,0.148
5564.001,5565.546,0.1248,0.8658
5569.5312,5571.078,0.1633,0.2911
5577.3467,5578.895,0.1268,154.4809
5581.2188,5582.769,0.1439,0.2908
5589.1362,5590.688,0.14,0.7199
5597.7939,5599.348,0.136,0.3732
5605.1475,5606.704,0.1876,0.7273
5617.1709,5618.73,0.1291,0.3292
5623.7832,5625.344,0.1908,0.4253
5623.8994,5625.461,0.158,0.4122
5639.3037,5640.869,0.1637,0.245
5645.168,5646.735,0.1296,0.2942
5645.3999,5646.967,0.1642,0.2758
5664.1958,5665.768,0.4314,0.1722
5669.3882,5670.961,0.1591,0.2018
5669.686,5671.259,0.1139,0.1785
5696.4946,5698.075,0.1773,0.1565
5696.8516,5698.432,0.141,0.159
5865.4673,5867.093,0.1448,0.8422
5866.0039,5867.63,0.1585,0.5305
5867.2676,5868.894,0.1355,0.3166
5867.5522,5869.179,0.1428,1.0304
5868.3135,5869.94,0.1538,0.454
5869.2783,5870.905,0.1402,0.3284
5869.4819,5871.109,0.1769,0.23
5872.7358,5874.364,0.1522,0.4221
5874.937,5876.565,0.0831,0.183
5875.3892,5877.018,0.147,0.197
5887.1353,5888.767,0.192,0.3209
5888.1924,5889.824,0.14,2.2385
5889.959,5891.591,0.1518,11.2867
5894.4717,5896.105,0.1937,0.6972
5895.9321,5897.566,0.1499,6.7611
5903.3706,5905.007,0.1627,0.2212
5903.5771,5905.213,0.1211,0.1899
5906.7051,5908.342,0.1569,0.5899
5915.3076,5916.947,0.1529,1.8282
5924.7295,5926.371,0.1546,0.9016
5932.8643,5934.508,0.2002,1.8154
5945.936,5947.583,0.1498,0.8174
5953.3589,5955.008,0.1931,1.0486
5953.4897,5955.139,0.2054,1.0745
5970.2822,5971.936,0.1542,0.6083
5976.9619,5978.618,0.141,0.6896
5977.207,5978.863,0.1469,0.6501
5997.7651,5999.426,0.1953,0.3455
6003.751,6005.414,0.1504,0.3993
6004.0859,6005.749,0.1514,0.3823
6028.3755,6030.045,0.2566,0.1804
6028.5088,6030.178,0.1291,0.1841
6033.7905,6035.461,0.1257,0.2747
6034.2192,6035.89,0.157,0.2135
6067.1567,6068.837,0.1255,0.1783
6067.6831,6069.363,0.1593,0.1741
6099.4585,6101.147,0.1793,0.1492
6099.7695,6101.458,0.1479,0.1462
6103.9312,6105.621,0.1288,0.1586
6104.585,6106.275,0.1413,0.157
6136.5508,6138.249,0.0681,0.1472
6136.7798,6138.478,0.1727,0.2248
6138.9849,6140.684,0.2524,0.1601
6139.4668,6141.166,0.1594,0.404
6140.0938,6141.793,0.0584,0.1476
6140.5542,6142.254,0.0428,0.1242
6143.3799,6145.08,0.1598,0.2021
6144.4819,6146.182,0.1592,0.4931
6150.939,6152.641,0.1567,0.2495
6155.9878,6157.691,0.1578,0.1569
6156.7739,6158.478,0.15,0.2211
6158.189,6159.893,0.1836,0.2666
6169.5361,6171.243,0.2274,0.184
6170.646,6172.354,0.1468,1.1814
6176.2949,6178.004,0.2481,0.3336
6184.3096,6186.021,0.4889,0.1529
6192.9438,6194.657,0.1823,0.3464
6202.728,6204.444,0.1699,0.9862
6213.0674,6214.786,0.1547,0.4548
6221.7759,6223.497,0.2358,0.8318
6234.3042,6236.029,0.1453,1.4175
6235.6836,6237.409,0.1526,0.9273
6235.9653,6237.69,0.1609,1.8141
6236.9941,6238.719,0.1661,0.42
6237.4194,6239.145,0.1528,0.6502
6240.2407,6241.967,0.2065,0.5015
6241.6987,6243.425,0.1464,0.6263
6243.5649,6245.292,0.1849,0.4854
6243.728,6245.455,0.2612,0.455
6247.3672,6249.095,0.2305,0.1684
6248.0205,6249.749,0.1875,0.2414
6256.9502,6258.681,0.1974,0.4147
6257.9702,6259.701,0.1523,3.5662
6259.1895,6260.921,0.2683,0.1637
6261.7549,6263.487,0.1797,0.2517
6262.7471,6264.479,0.337,0.1399
6262.8452,6264.578,0.171,0.145
6265.2231,6266.956,0.1923,1.1453
6268.2793,6270.013,0.1356,0.2844
6268.5396,6270.273,0.1586,0.2512
6278.0962,6279.833,0.1685,0.568
6287.4429,6289.182,0.1585,2.9576
6289.0479,6290.787,0.1443,0.1657
6289.438,6291.177,0.1843,0.1364
6290.355,6292.095,0.1249,0.1392
6295.9155,6297.657,0.1327,0.1814
6296.2949,6298.036,0.1406,0.1535
6297.9116,6299.653,0.1635,1.2702
6300.3086,6302.051,0.1625,125.9882
6301.2817,6303.024,0.6637,0.1822
6306.9336,6308.678,0.2193,3.0754
6308.5566,6310.301,0.1885,0.1536
6321.4087,6323.157,0.1537,1.2701
6329.7842,6331.534,0.2084,1.5794
6329.9277,6331.678,0.2427,1.6699
6342.8687,6344.622,0.1247,0.1289
6343.2407,6344.995,0.131,0.1306
6348.5449,6350.3,0.1535,0.8962
6356.1846,6357.942,0.1617,1.1168
6356.4526,6358.21,0.1592,1.0526
6361.3022,6363.061,0.1884,0.1363
6363.7827,6365.542,0.1641,41.0899
6379.3218,6381.085,0.1927,0.5185
6386.2505,6388.016,0.1525,0.6283
6386.623,6388.389,0.1506,0.5954
6413.7734,6415.546,0.2571,0.2257
6413.8892,6415.662,0.2428,0.2024
6420.0757,6421.85,0.1454,0.3493
6420.5601,6422.335,0.1613,0.3252
6425.7524,6427.528,0.0941,0.134
6451.9526,6453.736,0.1119,0.1771
6452.231,6454.014,0.1498,0.164
6455.9927,6457.777,0.1659,0.1243
6457.7412,6459.526,0.1457,0.2096
6458.3457,6460.131,0.1915,0.1912
6463.5298,6465.316,0.1698,0.7228
6463.8008,6465.587,0.1767,0.3495
6464.896,6466.683,0.1516,0.21
6465.9468,6467.734,0.1827,1.3541
6466.9248,6468.712,0.1407,0.2056
6470.1528,6471.941,0.1596,0.5783
6470.9849,6472.773,0.1651,1.6028
6477.9214,6479.711,0.158,0.6328
6494.1201,6495.915,0.1272,0.1031
6494.417,6496.212,0.1455,0.1222
6497.5312,6499.327,0.2208,0.435
6498.7368,6500.532,0.1574,4.2749
6499.3955,6501.191,0.2018,0.1459
6500.1323,6501.928,0.1407,0.1494
6502.6094,6504.406,0.1722,0.1396
6502.7207,6504.517,0.2591,0.1437
6504.999,6506.796,0.2512,1.0114
6513.8545,6515.654,0.1514,0.2833
6514.1514,6515.951,0.1541,0.2727
6522.4326,6524.235,0.1662,0.9594
6533.0498,6534.855,0.1734,3.2824
6540.2812,6542.088,0.1268,0.1345
6540.7568,6542.564,0.2281,0.1229
6544.0356,6545.843,0.1626,1.3781
6546.0698,6547.878,0.3734,0.1222
6552.8174,6554.628,0.1124,0.1268
6553.626,6555.436,0.2391,2.6673
6555.9072,6557.718,0.1826,0.103
6558.2837,6560.095,0.4355,0.0992
6562.7598,6564.573,0.2261,1.1632
6568.7891,6570.604,0.159,1.1619
6577.2017,6579.018,0.1906,1.5694
6577.376,6579.193,0.2003,1.4609
6578.1045,6579.922,0.1398,0.133
6580.4399,6582.258,0.3126,0.1343
6583.7236,6585.542,0.2576,0.1841
6584.4878,6586.307,0.2616,0.1384
6596.6445,6598.466,0.1754,0.6829
6603.9956,6605.82,0.1565,0.8587
6604.2837,6606.108,0.1729,0.7822
6620.4541,6622.282,0.1216,0.1128
6627.6318,6629.462,0.252,0.3092
6634.0483,6635.88,0.1624,0.417
6634.4336,6636.266,0.1622,0.388
6650.8125,6652.649,0.1736,0.1224
6661.6851,6663.525,0.3978,0.1568
6661.8638,6663.703,0.2334,0.1623
6667.3857,6669.227,0.1695,0.2242
6667.8667,6669.708,0.1774,0.1841
6699.0552,6700.905,0.2198,0.1403
6699.2856,6701.135,0.1838,0.121
6699.6548,6701.504,0.1841,0.129
6704.1064,6705.957,0.1642,0.1711
6704.6763,6706.527,0.1656,0.146
6704.1045,6705.955,0.1619,0.1729
6704.7002,6706.551,0.1637,0.1489
6707.9019,6709.754,0.1149,0.1031
6710.1748,6712.027,0.1673,0.1036
6711.1401,6712.993,0.0606,0.1083
6713.8735,6715.727,0.1969,0.1085
6714.7993,6716.653,0.2216,0.1143
6715.8081,6717.662,0.0722,0.1139
6716.9751,6718.829,0.0558,0.1168
6718.9707,6720.826,0.2827,0.1004
6720.853,6722.708,0.392,0.0979
6722.7974,6724.653,0.104,0.1058
6723.665,6725.521,0.2985,0.0978
6728.8916,6730.749,0.1884,0.096
6730.127,6731.985,0.2267,0.1
6739.6987,6741.559,0.3708,0.1279
6740.083,6741.944,0.1608,0.1226
6741.8594,6743.72,0.2048,0.0994
6742.9131,6744.774,0.2024,0.0977
6744.2295,6746.091,0.1868,0.133
6744.936,6746.798,0.1701,0.1279
6746.9268,6748.789,0.1638,0.103
6769.0488,6770.917,0.098,0.0939
6783.772,6785.644,0.144,0.1285
6784.2568,6786.129,0.1746,0.1102
6787.8696,6789.743,0.1565,0.148
6788.7129,6790.587,0.1699,0.1302
6803.1436,6805.021,0.1186,0.1192
6818.7607,6820.642,0.2139,0.1087
6827.4688,6829.353,0.1595,1.768
6828.4824,6830.367,0.1562,0.8257
6829.5083,6831.393,0.17,3.1619
6829.9307,6831.815,0.1715,0.8072
6831.356,6833.241,0.1559,0.1318
6831.9551,6833.84,0.2091,0.1129
6832.667,6834.552,0.1953,0.4084
6834.0215,6835.907,0.1666,1.3086
6834.4458,6836.332,0.1653,3.2604
6835.1006,6836.987,0.2024,0.1327
6835.772,6837.658,0.1887,0.1041
6836.0796,6837.966,0.1523,0.1348
6839.6665,6841.554,0.1762,0.1911
6840.0649,6841.952,0.192,0.2523
6841.9634,6843.851,0.1537,1.3152
6850.0352,6851.925,0.1594,0.1616
6850.8071,6852.697,0.2244,0.1806
6862.6963,6864.59,0.2181,0.8605
6863.9707,6865.865,0.1614,8.8607
6864.8789,6866.773,0.2552,0.134
6865.0464,6866.941,0.1734,0.1354
6868.3501,6870.245,0.2753,0.1193
6868.4897,6870.385,0.1728,0.1398
6871.0732,6872.969,0.1582,1.1441
6877.9175,6879.815,0.1544,0.1123
6878.2778,6880.176,0.1462,0.0956
6880.2358,6882.134,0.2679,0.1035
6880.9492,6882.848,0.1619,0.5661
6881.2549,6883.153,0.1629,0.5516
6882.1055,6884.004,0.2051,0.0957
6882.4443,6884.343,0.2411,0.1259
6882.6523,6884.551,0.1351,0.1622
6883.3433,6885.242,0.1468,0.1116
6886.0405,6887.94,0.1545,0.1463
6887.1665,6889.067,0.1668,0.1226
6889.3022,6891.203,0.1727,1.9032
6894.0981,6896.0,0.1606,0.2149
6894.6382,6896.54,0.1551,0.1979
6900.8076,6902.711,0.1574,2.1768
6902.4355,6904.34,0.2241,0.116
6903.5659,6905.47,0.1764,0.1138
6903.8945,6905.799,0.2882,0.1051
6910.5034,6912.41,0.1692,0.1018
6911.3599,6913.267,0.1198,0.1015
6912.6382,6914.545,0.1623,2.6807
6921.4136,6923.323,0.1979,0.1245
6923.1924,6925.102,0.1893,4.4382
6924.604,6926.514,0.1697,0.1894
6927.1245,6929.035,0.1213,0.1014
6927.3218,6929.233,0.1808,0.1061
6928.3442,6930.255,0.1608,0.1132
6928.8477,6930.759,0.1397,0.1061
6929.4253,6931.337,0.1992,0.0852
6937.6499,6939.564,0.1625,0.1325
6938.4873,6940.401,0.1667,0.1106
6939.542,6941.456,0.1502,2.5603
6940.7822,6942.697,0.1719,0.1563
6942.0781,6943.993,0.1705,0.1312
6948.9634,6950.88,0.1698,3.2389
6949.168,6951.085,0.1677,3.0787
6951.7017,6953.619,0.2425,0.2003
6952.8555,6954.773,0.3079,0.096
6954.563,6956.481,0.066,0.0963
6955.1899,6957.108,0.2409,0.11
6955.6035,6957.522,0.207,0.103
6955.8931,6957.812,0.1126,0.0991
6956.2324,6958.151,0.2016,0.1221
6956.895,6958.814,0.2168,0.1024
6957.4619,6959.381,0.1685,0.1325
6958.4829,6960.402,0.1369,0.1112
6959.0039,6960.923,0.1499,0.124
6959.9404,6961.86,0.0925,0.1112
6960.7681,6962.688,0.1882,0.1241
6961.7651,6963.685,0.1601,0.1124
6962.8389,6964.759,0.1695,0.1141
6963.7969,6965.718,0.1514,0.1045
6965.188,6967.109,0.2696,0.1107
6966.3379,6968.259,0.3084,0.1594
6969.9404,6971.863,0.1761,1.6079
6971.9629,6973.886,0.1286,0.1065
6973.0005,6974.924,0.1534,0.1128
6975.2295,6977.153,0.187,0.1121
6976.2207,6978.145,0.1777,0.1226
6978.2676,6980.192,0.1626,1.8394
6978.5811,6980.506,0.1584,1.7867
6979.7109,6981.636,0.1416,0.128
6982.519,6984.445,0.1631,0.126
6983.4365,6985.363,0.2202,0.1302
6986.1226,6988.049,0.1891,0.1168
6986.3291,6988.256,0.105,0.1274
6987.4922,6989.419,0.1464,0.1224
6987.9238,6989.851,0.1927,0.0957
6989.27,6991.198,0.208,0.0973
6990.8569,6992.785,0.1154,0.1134
6991.7778,6993.706,0.1744,0.1106
6995.4077,6997.337,0.312,0.1002
6996.3345,6998.264,0.1838,0.1062
6996.5786,6998.508,0.1682,0.1246
6997.0122,6998.942,0.2273,0.1254
6997.5708,6999.501,0.1874,0.1127
6999.4878,7001.418,0.1493,0.1458
7000.9536,7002.884,0.1362,0.12
7001.9307,7003.862,0.2137,0.1052
7002.2354,7004.167,0.2004,0.1262
7003.873,7005.805,0.2526,0.675
7005.2744,7007.206,0.3661,0.0938
7011.2212,7013.155,0.1495,0.9753
7011.6406,7013.574,0.1517,0.936
7029.6626,7031.601,0.1559,0.1518
7041.2676,7043.209,0.1933,0.3301
7041.4731,7043.415,0.184,0.3293
7045.0205,7046.963,0.228,0.1115
7045.3633,7047.306,0.1623,0.1277
7046.0298,7047.973,0.1457,0.1959
7046.4165,7048.36,0.1546,0.1325
7046.9619,7048.905,0.2357,0.2047
7047.876,7049.819,0.1663,0.5987
7048.3931,7050.337,0.168,0.4739
7049.1328,7051.077,0.1722,0.1881
7049.5942,7051.538,0.1656,0.2309
7050.605,7052.549,0.1557,0.2082
7051.354,7053.298,0.1629,0.2414
7052.3491,7054.294,0.1685,0.1973
7053.4058,7055.351,0.1638,0.213
7054.3853,7056.33,0.1564,0.1705
7055.7563,7057.702,0.1538,0.1644
7056.7007,7058.647,0.1367,0.1112
7059.5742,7061.521,0.1945,0.113
7060.6938,7062.641,0.1656,0.1809
7062.2749,7064.222,0.1966,0.1212
7062.6592,7064.607,0.1729,0.1719
7063.7109,7065.659,0.1739,0.2211
7065.9956,7067.944,0.1694,0.2271
7067.0068,7068.955,0.1734,0.2677
7067.562,7069.511,0.2124,0.1199
7069.5947,7071.544,0.171,0.2437
7070.5796,7072.529,0.165,0.2897
7073.4683,7075.419,0.1667,0.2356
7074.4512,7076.402,0.1593,0.272
7077.6279,7079.579,0.1652,0.2037
7078.5933,7080.545,0.1832,0.221
7082.0747,7084.027,0.1997,0.1819
7082.3804,7084.333,0.1579,0.2482
7082.6963,7084.649,0.1743,0.2355
7083.021,7084.974,0.1466,0.1928
7085.7124,7087.666,0.1497,0.0984
7086.8003,7088.754,0.1545,0.1565
7087.7339,7089.688,0.1651,0.1551
7088.2881,7090.242,0.1564,0.3457
7088.9326,7090.887,0.1821,0.317
7089.3911,7091.346,0.1815,0.1007
7089.9023,7091.857,0.1496,0.1387
7090.3442,7092.299,0.3066,0.1141
7091.3716,7093.327,0.1522,0.1065
7091.7939,7093.749,0.1695,0.1496
7092.4072,7094.363,0.1589,0.0851
7092.7603,7094.716,0.1499,0.1411
7097.0981,7099.055,0.1905,0.0998
7098.0254,7099.982,0.1073,0.1066
7100.2002,7102.158,0.1907,0.1021
7101.2812,7103.239,0.135,0.1165
7103.6382,7105.597,0.1722,0.1109
7104.7046,7106.663,0.1622,0.1107
7107.5425,7109.502,0.198,0.1125
7108.5771,7110.537,0.1799,0.1228
7111.9595,7113.92,0.2117,0.1114
7112.9248,7114.886,0.1357,0.1085
7116.7432,7118.705,0.1972,0.1061
7117.7017,7119.664,0.1713,0.0999
7122.0015,7123.965,0.129,0.0976
7122.9468,7124.91,0.183,0.0979
7126.8267,7128.791,0.1444,0.1211
7127.2607,7129.226,0.1548,0.2281
7127.6704,7129.635,0.1509,0.2105
7128.1138,7130.079,0.1993,0.0986
7128.6787,7130.644,0.1307,0.0952
7129.3462,7131.312,0.1713,0.1291
7131.1895,7133.155,0.16,0.1048
7132.5718,7134.538,0.1729,0.2801
7133.3613,7135.328,0.1614,0.2477
7141.145,7143.114,0.1608,0.1217
7141.6821,7143.651,0.1495,0.1397
7142.1953,7144.164,0.4802,0.1157
7142.52,7144.489,0.1782,0.168
7142.7275,7144.696,0.2224,0.1377
7143.2559,7145.225,0.5474,0.0931
7143.6064,7145.576,0.1896,0.2694
7144.6875,7146.657,0.1352,0.1967
7145.0615,7147.031,0.1592,0.2334
7145.5854,7147.555,0.0816,0.0826
7146.1094,7148.079,0.1649,0.1996
7146.7974,7148.767,0.166,0.2205
7147.8223,7149.793,0.1673,0.1918
7148.8408,7150.811,0.1673,0.1966
7149.8516,7151.823,0.2081,0.162
7151.1938,7153.165,0.1517,0.1454
7152.146,7154.118,0.2503,0.0972
7156.2139,7158.187,0.1665,0.1531
7158.2153,7160.188,0.1574,0.1672
7159.2949,7161.268,0.1654,0.1993
7160.0103,7161.984,0.1697,0.095
7161.6338,7163.608,0.1669,0.2084
7162.6665,7164.641,0.1617,0.2559
7165.3296,7167.305,0.1651,0.2465
7166.3462,7168.322,0.1701,0.2642
7169.3198,7171.296,0.1698,0.2262
7170.3252,7172.302,0.1702,0.2568
7173.6133,7175.591,0.1591,0.198
7174.605,7176.583,0.1664,0.2203
7176.0093,7177.987,0.1595,0.2114
7176.5376,7178.516,0.1662,0.1858
7178.2085,7180.187,0.162,0.1755
7179.1943,7181.173,0.169,0.184
7180.835,7182.814,0.1669,0.2705
7181.7705,7183.75,0.165,0.1878
7183.1143,7185.094,0.189,0.1381
7184.0874,7186.068,0.1624,0.146
7188.3276,7190.309,0.146,0.116
7189.3086,7191.29,0.1918,0.1216
7193.8745,7195.857,0.0799,0.1035
7194.812,7196.795,0.1872,0.1035
7198.5054,7200.489,0.1685,0.1115
7199.6724,7201.657,0.2517,0.0885
7199.918,7201.902,0.0809,0.1018
7200.8306,7202.815,0.216,0.1332
7201.4624,7203.447,0.2387,0.0856
7202.9116,7204.897,0.1525,0.1143
7207.9253,7209.912,0.1629,0.1486
7221.1816,7223.172,0.2119,0.1278
7221.5649,7223.555,0.1358,0.1165
7222.374,7224.364,0.2625,0.1263
7223.542,7225.533,0.1467,0.0981
7223.8667,7225.858,0.1589,0.1089
7225.2285,7227.22,0.1641,0.1492
7228.7666,7230.759,0.1757,0.2118
7229.4189,7231.411,0.1994,0.178
7232.4634,7234.457,0.2487,0.0956
7233.1738,7235.167,0.1653,0.2609
7233.5718,7235.565,0.1636,0.1212
7234.27,7236.264,0.1825,0.2205
7236.0439,7238.038,0.1345,0.098
7237.1387,7239.133,0.2164,0.1089
7238.7915,7240.786,0.1743,4.1989
7240.1943,7242.19,0.1706,6.468
7240.8638,7242.859,0.1674,1.7026
7241.4155,7243.411,0.1834,1.8265
7241.9434,7243.939,0.1857,1.0212
7242.3281,7244.324,0.1896,0.1159
7242.7368,7244.733,0.2014,0.124
7243.4565,7245.453,0.1605,0.1757
7243.8535,7245.85,0.1872,0.1103
7244.5586,7246.555,0.1222,0.256
7244.9438,7246.94,0.2306,7.2646
7245.6406,7247.637,0.252,0.1657
7245.8677,7247.864,0.2295,0.1911
7246.5532,7248.55,0.1934,1.4399
7246.9683,7248.965,0.1909,0.1675
7247.5977,7249.595,0.1634,0.1899
7248.6562,7250.654,0.1781,0.1637
7249.6528,7251.651,0.199,0.1905
7250.7007,7252.699,0.2032,0.1709
7251.998,7253.996,0.1832,0.1339
7253.146,7255.145,0.1682,2.6528
7255.2983,7257.298,0.1771,0.4402
7255.9087,7257.908,0.2215,0.5237
7256.2998,7258.299,0.1396,0.1027
7257.1108,7259.111,0.1666,0.1252
7259.1421,7261.142,0.1532,0.1449
7260.2524,7262.253,0.158,0.2122
7261.2847,7263.286,0.1875,0.0893
7262.6401,7264.641,0.1784,0.177
7263.7114,7265.713,0.1733,0.2173
7265.4189,7267.421,0.1342,0.0917
7266.4409,7268.443,0.1579,0.2014
7267.4966,7269.499,0.1621,0.227
7268.0479,7270.051,0.1768,0.3058
7269.0981,7271.101,0.3503,0.2375
7270.5688,7272.572,0.1637,0.2154
7271.6001,7273.604,0.1568,0.2223
7273.2427,7275.247,0.122,0.0926
7275.1177,7277.122,0.2347,1.7605
7276.0479,7278.053,0.2104,0.2053
7276.4243,7278.429,0.1708,16.8024
7277.001,7279.006,0.1682,0.1451
7279.2935,7281.299,0.1805,0.116
7279.7856,7281.792,0.1615,0.1466
7280.8008,7282.807,0.1688,0.1572
7281.5312,7283.538,0.2875,0.3164
7281.6782,7283.685,0.1757,0.3564
7284.4556,7286.463,0.2513,4.5379
7284.8525,7286.86,0.1831,0.2966
7285.7246,7287.732,0.1772,0.2181
7286.0298,7288.037,0.1296,0.1913
7286.4023,7288.41,0.31,0.2121
7289.7393,7291.748,0.1738,0.2722
7290.2769,7292.286,0.1252,0.0978
7291.0093,7293.018,0.1723,0.2169
7291.3066,7293.316,0.1514,0.1027
7291.7583,7293.767,0.2293,0.1166
7292.1191,7294.128,0.2441,0.1784
7292.3311,7294.34,0.1757,0.1745
7295.8042,7297.814,0.1584,1.2121
7296.1084,7298.119,0.1599,1.1884
7303.73,7305.742,0.186,3.9159
7305.749,7307.762,0.1955,0.1779
7307.0781,7309.091,0.184,0.186
7307.4614,7309.475,0.1762,0.1711
7310.7856,7312.8,0.1703,0.4245
7311.334,7313.348,0.1678,0.3963
7316.2896,7318.305,0.1897,13.1392
7329.1602,7331.179,0.1835,5.3836
7329.4785,7331.498,0.1799,0.175
7330.3662,7332.386,0.1631,0.1423
7330.8315,7332.851,0.3527,0.1347
7331.5732,7333.593,0.1781,0.1048
7332.2539,7334.274,0.2019,0.1435
7332.7451,7334.765,0.1945,0.1317
7340.9009,7342.923,0.2578,11.5612
7341.7251,7343.748,0.1902,0.1607
7344.5581,7346.581,0.1363,0.1187
7344.9131,7346.937,0.1863,0.2725
7346.9375,7348.962,0.1718,0.2211
7347.8657,7349.89,0.1681,0.1821
7350.3774,7352.402,0.1358,0.1026
7350.6743,7352.699,0.1725,0.2771
7351.4014,7353.427,0.2834,0.1191
7352.1089,7354.134,0.1878,0.2343
7352.5962,7354.622,0.2748,0.1272
7353.2222,7355.248,0.2375,0.091
7353.7617,7355.788,0.1759,0.1025
7354.3135,7356.34,0.1733,0.1162
7355.4082,7357.435,0.1559,0.1038
7356.0044,7358.031,0.5588,0.1171
7356.2896,7358.316,0.2781,0.1137
7357.4155,7359.442,0.1412,0.0962
7358.0273,7360.054,0.1677,0.1205
7358.6802,7360.707,0.1667,5.5437
7360.1489,7362.176,0.3473,0.1099
7360.313,7362.341,0.1653,0.1088
7360.605,7362.633,0.1734,0.1177
7361.6528,7363.681,0.1998,0.104
7362.2607,7364.289,0.1495,0.1155
7363.2808,7365.309,0.2335,0.1029
7363.5483,7365.577,0.1775,0.1361
7363.9199,7365.949,0.1756,0.0947
7364.397,7366.426,0.2052,0.1521
7364.6982,7366.727,0.153,0.1257
7365.5229,7367.552,0.2192,0.1261
7365.7236,7367.753,0.5162,0.1035
7365.9922,7368.021,0.1393,0.1069
7366.8379,7368.867,0.1785,0.1094
7367.1226,7369.152,0.1768,0.1085
7367.5947,7369.624,0.2443,0.0916
7368.7295,7370.759,0.2341,0.1058
7369.2725,7371.303,0.1833,6.9046
7369.4951,7371.525,0.1913,6.838
7370.6812,7372.712,0.1567,0.1219
7373.4976,7375.529,0.1439,0.1137
7374.0776,7376.109,0.2556,0.3006
7374.5728,7376.604,0.1754,0.1404
7375.6743,7377.706,0.169,0.1051
7377.7661,7379.798,0.1695,0.1155
7378.2681,7380.301,0.213,0.1078
7378.8384,7380.871,0.1718,0.1198
7379.4155,7381.448,0.1734,0.1144
7382.4609,7384.495,0.2891,0.1201
7383.4941,7385.528,0.4895,0.1164
7383.647,7385.681,0.1668,0.1105
7387.3193,7389.354,0.1777,0.135
7388.3965,7390.432,0.1683,0.1447
7390.1733,7392.209,0.2061,0.2336
7392.21,7394.246,0.1799,3.7579
7392.6353,7394.672,0.1995,0.1269
7393.7529,7395.79,0.182,0.125
7395.4253,7397.462,0.2343,0.1021
7398.5059,7400.544,0.2507,0.0953
7399.5688,7401.607,0.1279,0.1089
7401.6987,7403.737,0.175,4.2351
7402.0376,7404.076,0.1694,3.9665
7411.876,7413.918,0.2348,0.1593
7412.0801,7414.122,0.1797,0.1763
7412.6738,7414.716,0.1641,0.1885
7413.7637,7415.806,0.1852,0.1508
7416.1436,7418.186,0.1618,0.2192
7417.8022,7419.845,0.1777,0.1779
7422.873,7424.918,0.2286,0.1648
7422.873,7424.918,0.2261,0.1648
7429.7896,7431.836,0.2492,1.9032
7429.7896,7431.836,0.2455,1.9032
7438.2637,7440.312,0.1707,2.3439
7438.7197,7440.768,0.1663,2.2202
7439.2266,7441.276,0.209,0.1131
7439.4541,7441.503,0.1775,0.125
7442.2173,7444.267,0.1748,0.0932
7444.2192,7446.269,0.2461,0.1064
7447.0552,7449.106,0.2908,0.0858
7451.8174,7453.87,0.1889,0.1194
7458.3628,7460.417,0.1622,0.2392
7461.2529,7463.308,0.1732,0.2193
7462.4521,7464.507,0.219,0.4947
7463.1606,7465.216,0.1879,0.1434
7463.7944,7465.85,0.2392,0.1174
7464.8833,7466.939,0.1901,0.3084
7466.6201,7468.676,0.1947,1.2681
7468.2505,7470.307,0.2312,0.1444
7469.8618,7471.919,0.1602,0.1186
7470.7183,7472.776,0.1759,0.6533
7471.3896,7473.447,0.2076,0.7883
7471.5903,7473.648,0.1992,0.7536
7472.0435,7474.101,0.2034,0.0973
7473.686,7475.744,0.1891,2.4108
7476.4087,7478.468,0.2641,0.1303
7479.0347,7481.094,0.1671,1.238
7479.6216,7481.681,0.1679,1.1843
7480.2603,7482.32,0.1685,1.0938
7483.1304,7485.191,0.1943,0.1629
7483.4814,7485.542,0.1738,3.2174
7484.3652,7486.426,0.1817,0.1376
7486.3438,7488.405,0.1513,0.1838
7488.2407,7490.303,0.2616,0.1625
7493.6675,7495.731,0.1795,1.2307
7499.7031,7501.768,0.2094,0.177
7502.2637,7504.33,0.1825,0.111
7517.2236,7519.294,0.1888,0.5153
7517.5454,7519.615,0.1846,0.4715
7520.4189,7522.49,0.1797,0.093
7522.666,7524.737,0.3031,0.6784
7524.0068,7526.079,0.1914,8.7098
7524.8633,7526.935,0.1738,0.728
7528.1094,7530.182,0.1373,0.2022
7528.3755,7530.448,0.1811,0.2053
7530.6489,7532.722,0.2365,1.5147
7530.7827,7532.856,0.2387,1.4911
7535.7231,7537.798,0.1725,0.0998
7536.1445,7538.22,0.2836,0.0856
7537.249,7539.324,0.2108,0.1165
7537.5264,7539.602,0.1965,0.1141
7540.1709,7542.247,0.1686,0.5018
7540.6089,7542.685,0.1802,0.4469
7546.5601,7548.638,0.1988,0.117
7546.8662,7548.944,0.2002,0.1061
7550.0078,7552.087,0.2995,0.0819
7552.7412,7554.821,0.1714,0.1787
7553.5312,7555.611,0.1663,0.1652
7557.5,7559.581,0.1899,2.0335
7558.4775,7560.559,0.1757,0.1345
7559.9341,7562.016,0.1772,0.1227
7561.5171,7563.599,0.1736,0.1465
7563.6279,7565.71,0.1875,0.1227
7567.4116,7569.495,0.1709,0.4076
7567.8506,7569.934,0.173,0.363
7571.751,7573.836,0.2012,6.0957
7573.6729,7575.758,0.1754,0.5406
7574.5601,7576.646,0.1739,0.4832
7586.0908,7588.179,0.18,2.5403
7598.3784,7600.47,0.2203,2.3753
7605.1289,7607.223,0.2398,0.1014
7606.2158,7608.31,0.2122,0.1021
7607.3765,7609.471,0.154,0.072
7608.562,7610.657,0.1807,0.1352
7609.8345,7611.929,0.5221,0.0942
7611.1426,7613.238,0.4822,0.1162
7612.6182,7614.714,0.1804,0.0991
7613.7178,7615.814,0.1127,0.1046
7614.0532,7616.149,0.1846,0.128
7614.5039,7616.6,0.2852,0.077
7615.5767,7617.673,0.2784,0.0996
7618.0557,7620.153,0.1809,2.0328
7619.7114,7621.809,0.1964,0.1287
7621.3672,7623.465,0.1443,0.1134
7622.0771,7624.175,0.1895,0.3195
7622.6445,7624.743,0.1934,0.2634
7622.9829,7625.081,0.1973,0.0905
7623.6455,7625.744,0.2015,0.0866
7623.6855,7625.784,0.3785,0.0723
7625.3975,7627.497,0.2783,0.138
7626.1738,7628.273,0.1461,0.1014
7626.5176,7628.617,0.2284,0.1327
7627.79,7629.89,0.2008,0.2462
7628.5093,7630.609,0.1955,0.8395
7628.772,7630.872,0.191,1.9593
7630.0381,7632.138,0.3288,0.0886
7630.2495,7632.35,0.1843,0.1343
7631.6909,7633.792,0.3435,0.09
7633.0723,7635.174,0.2028,0.1618
7634.1489,7636.25,0.2156,0.1597
7637.2212,7639.324,0.186,0.1513
7638.3179,7640.421,0.1731,0.1475
7639.0015,7641.104,0.2408,0.1064
7639.3091,7641.412,0.3465,0.0564
7641.5771,7643.681,0.207,0.1305
7641.8569,7643.96,0.211,0.14
7642.6899,7644.794,0.2206,0.1392
7643.7896,7645.894,0.3475,0.1014
7644.9019,7647.006,0.2664,0.091
7646.1382,7648.243,0.1684,0.122
7647.2158,7649.321,0.154,0.1242
7648.4814,7650.587,0.1461,0.1074
7649.5835,7651.689,0.1834,0.0999
7650.9199,7653.026,0.2909,0.1043
7651.9688,7654.075,0.186,0.1164
7653.3237,7655.43,0.2197,1.0236
7655.8726,7657.98,0.1735,0.0965
7656.939,7659.047,0.219,0.0965
7658.4595,7660.568,0.152,0.0953
7662.186,7664.295,0.1718,1.3403
7662.5596,7664.669,0.1786,1.2867
7672.0342,7674.146,0.1844,0.1199
7672.894,7675.006,0.1537,0.1489
7681.4043,7683.519,0.1775,0.2931
7682.106,7684.22,0.1836,0.2464
7684.064,7686.179,0.7502,0.1311
7684.3198,7686.435,0.3707,0.1337
7684.9438,7687.059,0.1988,0.1181
7685.2935,7687.409,0.272,0.1452
7685.729,7687.844,0.2828,0.1395
7686.1963,7688.312,0.1972,0.135
7686.6484,7688.764,0.1824,0.3659
7687.9014,7690.017,0.22,0.3291
7688.75,7690.866,0.2281,0.091
7689.3623,7691.479,0.1641,0.1401
7689.7046,7691.821,0.2607,0.1459
7690.1978,7692.314,0.1974,0.1038
7690.9492,7693.066,0.222,0.1412
7691.5151,7693.632,0.1493,0.1574
7691.9116,7694.029,0.6905,0.3222
7692.729,7694.846,0.1771,0.1655
7693.5439,7695.661,0.18,0.1744
7694.7549,7696.873,0.1714,0.1678
7695.8276,7697.946,0.1741,0.2114
7696.98,7699.098,0.2534,0.1671
7698.3301,7700.449,0.2144,0.1658
7698.9717,7701.091,0.1922,0.3983
7699.4707,7701.59,0.1841,0.6073
7699.9531,7702.072,0.1798,0.5481
7701.0845,7703.204,0.1827,0.1548
7702.2495,7704.369,0.1875,0.1336
7702.7661,7704.886,0.1569,0.1052
7703.7852,7705.905,0.1491,0.1167
7704.1011,7706.221,0.1815,0.1195
7710.9067,7713.029,0.2006,0.1094
7712.229,7714.352,0.184,5.6628
7712.6357,7714.758,0.1893,8.023
7713.6724,7715.795,0.1984,0.1754
7713.9546,7716.078,0.2485,0.1407
7715.0625,7717.186,0.1952,2.5345
7715.8643,7717.988,0.1832,2.8589
7716.2705,7718.394,0.1667,0.1673
7716.9224,7719.046,0.1827,10.068
7717.46,7719.584,0.1889,0.2147
7718.0684,7720.193,0.1875,3.65
7720.3188,7722.444,0.1819,0.1843
7721.4961,7723.621,0.181,0.2093
7723.6567,7725.782,0.2388,1.6675
7724.5996,7726.726,0.1544,0.2063
7724.9531,7727.079,0.1895,0.1556
7726.0581,7728.184,0.1728,3.4114
7726.8457,7728.972,0.1759,0.1123
7727.6763,7729.803,0.1932,0.1466
7729.1182,7731.245,0.1551,0.1795
7730.2886,7732.416,0.176,0.2692
7731.9707,7734.099,0.1945,0.1345
7732.8057,7734.934,0.2184,0.1004
7733.8311,7735.96,0.3588,0.2548
7734.0571,7736.186,0.2215,0.1872
7734.9673,7737.096,0.1928,0.5202
7735.8525,7737.981,0.2822,0.4811
7738.2349,7740.364,0.6243,0.098
7738.4546,7740.584,0.2575,0.1065
7738.8516,7740.981,0.1844,0.1512
7740.3989,7742.529,0.1842,0.2625
7741.0073,7743.138,0.1821,0.2457
7741.9512,7744.082,0.1766,0.1077
7744.0908,7746.222,0.183,0.1516
7745.2031,7747.335,0.18,0.1555
7745.5879,7747.719,0.1816,0.2708
7746.4458,7748.578,0.177,0.2286
7749.4395,7751.572,0.2404,2.0052
7750.6562,7752.789,0.1769,20.9867
7751.877,7754.01,0.1639,0.3089
7752.356,7754.489,0.2531,0.2239
7752.5903,7754.724,0.193,0.2342
7755.2837,7757.418,0.188,0.1289
7756.3613,7758.496,0.1652,0.1413
7756.8242,7758.959,0.5169,0.3852
7756.9683,7759.103,0.189,0.4394
7760.0107,7762.146,0.2458,6.9925
7761.228,7763.364,0.1881,0.1174
7762.335,7764.471,0.2215,0.13
7764.4014,7766.538,0.1681,0.1267
7767.4404,7769.578,0.2117,0.1122
7768.5146,7770.652,0.1808,0.1214
7769.0674,7771.205,0.3421,0.1773
7769.2637,7771.402,0.1954,0.2118
7771.9604,7774.099,0.1882,0.8495
7773.229,7775.368,0.1858,1.6236
7773.5337,7775.673,0.1742,1.6293
7773.8657,7776.005,0.1183,0.208
7774.1802,7776.319,0.2034,0.5157
7774.9878,7777.127,0.183,0.1059
7775.4028,7777.542,0.1991,0.3562
7779.2192,7781.36,0.1731,0.1367
7779.6011,7781.742,0.2952,0.1273
7780.4336,7782.575,0.2096,4.7248
7781.1265,7783.268,0.2625,0.1096
7781.5952,7783.737,0.6015,0.1057
7782.3477,7784.489,0.2105,0.1433
7783.6978,7785.84,0.2834,0.1727
7785.0195,7787.162,0.1944,0.2168
7785.5088,7787.651,0.4573,0.1608
7785.7505,7787.893,0.2145,0.159
7786.2852,7788.428,0.065,0.1324
7786.7427,7788.885,0.2128,0.1672
7787.4727,7789.616,0.2023,0.2098
7788.6826,7790.826,0.2004,0.1879
7789.6953,7791.839,0.1697,0.2287
7790.6714,7792.815,0.1721,0.5203
7791.2275,7793.371,0.1844,0.5408
7792.1792,7794.323,0.1872,0.2088
7793.4028,7795.547,0.2049,0.201
7794.1206,7796.265,0.2056,15.8224
7794.9126,7797.057,0.2184,0.2023
7796.1152,7798.26,0.1755,0.1488
7797.9551,7800.101,0.1946,0.1445
7799.1226,7801.269,0.1228,0.1033
7799.3477,7801.494,0.3317,0.1078
7799.8638,7802.01,0.5149,0.0984
7802.2383,7804.385,0.2385,0.0881
7803.5435,7805.691,0.4915,0.1075
7804.0601,7806.207,0.2197,0.1442
7806.4048,7808.553,0.174,0.1659
7807.6992,7809.848,0.2109,0.221
7808.48,7810.629,0.1964,6.6913
7810.313,7812.462,0.1803,0.1972
7811.5396,7813.689,0.1772,0.2512
7812.4106,7814.56,0.1759,0.2175
7813.3164,7815.466,0.1809,0.1846
7814.4595,7816.61,0.159,0.2408
7814.8286,7816.979,0.1759,0.2426
7815.7349,7817.885,0.318,0.2668
7816.6909,7818.842,0.2111,0.1102
7818.8486,7821.0,0.1812,0.2416
7819.3052,7821.457,0.1943,0.3398
7820.0498,7822.201,0.1884,0.2423
7820.9927,7823.145,0.183,0.2718
7821.519,7823.671,0.2869,14.3636
7822.1724,7824.325,0.2825,0.1217
7823.4995,7825.652,0.1732,0.2023
7824.6846,7826.838,0.1839,0.2177
7825.7217,7827.875,0.1958,0.1522
7828.374,7830.528,0.2244,0.2145
7828.7705,7830.925,0.1929,0.3569
7829.5693,7831.724,0.1991,0.1918
7833.5391,7835.694,0.2326,0.2693
7834.269,7836.425,0.1681,0.1349
7834.7524,7836.908,0.1458,0.1518
7838.604,7840.761,0.1411,0.121
7838.9927,7841.149,0.2026,0.1185
7840.1113,7842.268,0.2661,0.1291
7841.2847,7843.442,0.1784,6.7951
7844.6528,7846.811,0.1687,0.1163
7845.814,7847.973,0.1781,0.1056
7849.1597,7851.319,0.1853,0.6628
7849.7358,7851.895,0.196,1.6802
7850.54,7852.7,0.2169,0.4367
7851.9912,7854.152,0.1509,0.3939
7852.3252,7854.486,0.2044,0.8567
7853.2588,7855.419,0.2046,8.5257
7853.5239,7855.685,0.2197,10.799
7854.3853,7856.546,0.3125,0.1215
7855.7109,7857.872,0.2433,0.095
7858.0034,7860.165,0.1877,1.8751
7858.2827,7860.445,0.2059,0.3778
7860.6616,7862.824,0.1937,7.2786
7867.7397,7869.904,0.1774,3.2565
7868.0996,7870.264,0.2064,0.2712
7870.7383,7872.904,0.1819,9.07
7873.4165,7875.583,0.3324,0.1314
7878.2529,7880.42,0.3824,0.2553
7878.7896,7880.957,0.1882,4.7601
7880.999,7883.167,0.1806,0.2279
7881.6782,7883.847,0.1931,3.5516
7883.0889,7885.258,0.2086,0.2444
7884.4141,7886.583,0.1542,0.1921
7884.7275,7886.897,0.1871,0.2524
7885.6035,7887.773,0.2024,0.1368
7886.0093,7888.179,0.1976,0.2504
7886.6348,7888.804,0.1842,0.3595
7887.9238,7890.094,0.1951,0.273
7888.8242,7890.994,0.1879,0.3534
7889.6802,7891.851,0.1747,5.2483
7890.5527,7892.723,0.1956,0.1622
7891.29,7893.461,0.1856,0.3513
7892.5352,7894.706,0.1876,0.2945
7893.0352,7895.207,0.2418,0.1042
7893.5439,7895.715,0.1821,0.2298
7894.0332,7896.205,0.2009,0.298
7895.3188,7897.491,0.3459,0.252
7897.0659,7899.238,0.1955,0.2111
7897.9272,7900.1,0.1807,0.1812
7898.2632,7900.436,0.1885,0.1448
7898.6172,7900.79,0.5842,0.1373
7902.6997,7904.874,0.4701,0.1715
7903.2646,7905.439,0.1817,0.223
7905.6328,7907.808,0.1808,0.2428
7906.9458,7909.121,0.1865,0.3593
7909.6357,7911.812,0.1849,0.3624
7910.9058,7913.082,0.177,0.4179
7912.2642,7914.441,0.3168,1.6923
7913.7178,7915.895,0.1947,24.4786
7915.127,7917.304,0.1844,0.4647
7918.4678,7920.646,0.2576,0.702
7919.6411,7921.82,0.1885,0.4644
7921.1064,7923.285,0.3378,6.2801
7923.2002,7925.38,0.1729,0.3353
7924.417,7926.597,0.1809,0.3552
7928.2583,7930.439,0.1911,0.4166
7928.522,7930.703,0.2159,0.2106
7929.478,7931.659,0.1771,0.2921
7930.8901,7933.072,0.179,3.0493
7931.4399,7933.622,0.2482,3.1244
7932.0093,7934.191,0.1789,1.3413
7933.2573,7935.44,-0.3152,0.12
7933.5825,7935.765,0.2519,0.2473
7934.8154,7936.998,0.1774,0.2042
7935.2275,7937.41,0.1896,0.1216
7937.645,7939.828,0.1573,0.1375
7938.3638,7940.547,0.2032,0.1156
7938.6865,7940.87,0.1519,0.0893
7939.2529,7941.437,0.1698,0.1636
7940.4321,7942.616,0.1904,0.1518
7941.7144,7943.899,0.1911,0.1558
7942.0728,7944.257,0.4255,0.1098
7942.2744,7944.459,0.1923,0.1201
7942.874,7945.059,0.1483,0.1371
7943.2598,7945.445,0.2877,0.1413
7944.0112,7946.196,0.2049,0.1403
7944.4536,7946.639,0.1801,0.132
7945.3945,7947.58,0.1771,0.4127
7946.2222,7948.408,0.1965,0.4019
7949.2119,7951.398,0.1994,5.7847
7952.4321,7954.62,0.2028,0.3
7962.6548,7964.845,0.1668,0.1688
7963.9424,7966.133,0.1854,0.1646
7964.6543,7966.845,0.2101,18.5479
7968.061,7970.253,0.2405,0.8457
7968.2461,7970.438,0.2072,0.8578
7969.4702,7971.662,0.1814,0.1293
7970.874,7973.066,0.1675,0.1113
7972.5381,7974.731,0.1455,0.1108
7973.063,7975.256,0.2115,0.1013
7973.373,7975.566,0.206,0.1507
7975.5718,7977.765,0.189,0.1304
7977.0039,7979.198,0.1814,1.5057
7977.6655,7979.86,0.1803,1.458
7979.7729,7981.968,0.1915,7.0654
7986.0854,7988.282,0.2234,0.1303
7986.9863,7989.183,0.3548,0.1221
7987.4932,7989.69,0.215,0.2588
7988.2832,7990.48,0.2442,0.1632
7989.7017,7991.899,0.3604,0.1659
7991.1191,7993.317,0.1999,0.1569
7991.6113,7993.809,0.208,0.2137
7993.334,7995.532,0.3293,12.4183
7994.0332,7996.232,0.226,0.4128
7995.0435,7997.242,0.2352,0.2015
7996.166,7998.365,0.1852,0.2485
7997.4526,7999.652,0.1688,0.2161
7998.1064,8000.306,0.2198,0.281
7998.9189,8001.119,0.231,0.2164
8000.1606,8002.361,0.1812,0.191
8001.8862,8004.087,0.2258,0.2024
8002.3472,8004.548,0.2105,0.1092
8003.1753,8005.376,0.1878,0.1612
8004.2065,8006.408,0.1351,0.1294
8005.0713,8007.273,0.1815,0.1115
8005.6997,8007.902,0.2257,0.1108
8008.2446,8010.447,0.181,0.1608
8010.6475,8012.851,0.1759,0.1831
8012.0029,8014.206,0.1659,0.2329
8014.0718,8016.276,0.1892,5.6471
8014.7495,8016.954,0.2261,0.2793
8016.0518,8018.256,0.2051,0.2726
8019.1069,8021.312,0.1866,0.2761
8020.0396,8022.245,0.1979,0.4889
8020.3867,8022.592,0.1886,0.7297
8023.7715,8025.978,0.1907,0.2659
8025.0508,8027.258,0.2104,0.2963
8025.6836,8027.891,0.2026,7.875
8025.9639,8028.171,0.2023,7.5955
8028.1978,8030.406,0.1838,0.8127
8029.0254,8031.234,0.1935,0.8083
8029.9727,8032.181,0.1677,0.2248
8031.772,8033.981,0.3178,0.3464
8033.978,8036.187,0.1828,0.189
8034.8887,8037.098,0.1954,0.1093
8035.2266,8037.436,0.1975,0.185
8036.1333,8038.343,0.2813,0.0928
8039.5391,8041.75,0.1955,0.1521
8040.7666,8042.978,0.1803,0.1859
8041.1978,8043.409,0.2468,0.1049
8041.6479,8043.859,0.1523,0.1133
8042.4771,8044.689,0.1987,0.1225
8045.3691,8047.582,0.2278,0.1112
8046.5879,8048.801,0.2034,0.1081
8049.8989,8052.113,0.2485,0.2636
8050.1147,8052.329,0.2013,0.3104
8052.0312,8054.246,0.2314,3.0372
8055.4229,8057.638,0.2233,0.1051
8056.6089,8058.824,0.078,0.0948
8057.0991,8059.315,0.1993,0.0919
8059.1743,8061.391,0.2518,0.1179
8061.9912,8064.208,0.1782,4.0684
8062.3892,8064.606,0.1777,3.9185
8063.7515,8065.969,0.1978,0.1199
8066.084,8068.302,0.1853,0.181
8067.6055,8069.824,0.2084,0.1253
8074.4077,8076.628,0.2184,0.1632
8074.6997,8076.92,0.1928,0.1849
8077.1523,8079.373,0.1864,0.3032
8077.6182,8079.839,0.1732,0.3021
8084.5967,8086.82,0.1817,0.4533
8085.6152,8087.839,0.1853,0.4474
8093.6768,8095.902,0.3663,0.8847
8094.959,8097.185,0.298,0.177
8098.6392,8100.866,0.1253,0.0903
8099.7505,8101.978,0.1643,0.1038
8101.1514,8103.379,0.1828,0.1485
8102.2461,8104.474,0.1986,1.7072
8102.7734,8105.001,0.1993,1.593
8104.2939,8106.522,0.2124,0.1234
8104.6748,8106.903,0.1519,0.1067
8105.0132,8107.242,0.2058,0.1933
8106.3374,8108.566,0.219,0.1332
8107.3901,8109.619,0.1696,0.1481
8108.7168,8110.946,0.1377,0.1329
8110.0996,8112.33,0.1814,0.1421
8111.4136,8113.644,0.2155,0.12
8113.1704,8115.401,0.1859,0.1033
8119.5894,8121.822,0.2164,0.1073
8122.0239,8124.257,0.1957,0.1168
8123.4146,8125.648,0.201,0.1535
8126.2295,8128.464,0.191,0.1467
8127.5654,8129.8,0.2391,0.1815
8130.7095,8132.945,0.2064,0.1422
8131.5327,8133.769,0.1789,0.1366
8132.0273,8134.263,0.1692,0.1781
8132.7109,8134.947,0.1808,0.1173
8134.5933,8136.83,0.1737,0.1604
8135.5186,8137.755,0.166,0.1449
8136.3159,8138.553,0.1716,0.1292
8136.8237,8139.061,0.2084,0.1567
8138.3643,8140.602,0.1837,0.2291
8138.978,8141.216,0.1355,0.4649
8139.2788,8141.517,0.1757,0.4183
8139.5981,8141.836,0.1894,0.195
8140.2139,8142.452,0.1848,0.2066
8140.6597,8142.898,0.1985,0.1368
8141.9429,8144.182,0.1922,0.1261
8146.1172,8148.357,0.1147,0.1306
8146.501,8148.741,0.2086,0.8998
8147.1816,8149.422,0.1783,0.5902
8147.6479,8149.888,0.1925,0.2856
8151.1289,8153.37,0.1608,0.0926
8151.9028,8154.144,0.1936,0.1108
8153.1528,8155.394,0.2133,0.107
8188.2095,8190.461,0.2018,0.3569
8188.6343,8190.886,0.1945,0.2707
8194.8555,8197.108,0.1949,0.4124
8195.6455,8197.899,0.1936,0.3427
8204.6465,8206.902,0.2663,0.1133
8205.9805,8208.236,0.1436,0.1231
8207.5117,8209.768,0.2344,0.179
8208.3584,8210.615,0.228,0.1175
8209.4121,8211.669,0.188,0.1239
8213.8955,8216.154,0.199,0.1525
8215.3252,8217.584,0.2005,0.1583
8241.4688,8243.734,0.1906,0.2594
8241.999,8244.265,0.1946,0.2415
8247.3564,8249.624,0.1913,0.3435
8248.3018,8250.569,0.1904,0.2793
8255.1865,8257.456,0.1777,0.3012
8268.6143,8270.887,0.1779,0.1155
8272.0801,8274.354,0.2294,0.0932
8276.5322,8278.807,0.1967,0.2244
8278.3125,8280.588,0.2133,3.3334
8278.5938,8280.869,0.2102,1.5563
8281.0391,8283.315,0.2193,1.7234
8281.6934,8283.97,0.2009,8.3378
8282.3232,8284.6,0.2181,0.1659
8282.6777,8284.954,0.1955,0.7563
8283.1777,8285.454,0.2165,0.4812
8283.8174,8286.094,0.2067,0.1155
8284.9385,8287.216,0.1948,0.1581
8286.4053,8288.683,0.1966,3.6253
8288.6084,8290.887,0.2014,13.7231
8290.5889,8292.868,0.23,0.7881
8296.252,8298.532,0.1855,5.9021
8298.9062,8301.187,0.1942,16.8148
8299.4805,8301.762,0.1905,0.2343
8302.0215,8304.303,0.179,0.4312
8302.5342,8304.816,0.2491,0.4475
8304.082,8306.364,0.1825,0.3078
8305.1953,8307.478,0.1608,0.2397
8308.3662,8310.65,0.1624,0.155
8310.7246,8313.009,0.2,5.9864
8317.6855,8319.972,0.2104,0.3456
8318.4795,8320.766,0.3504,0.2816
8319.6865,8321.973,0.417,0.1086
8337.5576,8339.849,0.2182,0.3283
8338.418,8340.71,0.2125,0.2467
8338.7041,8340.996,0.2066,0.2244
8343.0361,8345.329,0.3172,3.1141
8344.6133,8346.907,0.2045,41.3499
8349.6436,8351.938,0.2106,0.6961
8349.9336,8352.228,0.1928,0.7251
8352.877,8355.173,0.3579,8.0904
8356.2744,8358.571,0.1975,0.1451
8360.4326,8362.73,0.2322,0.276
8360.7051,8363.003,0.1501,0.3029
8361.0996,8363.397,0.3843,0.3295
8361.6963,8363.994,0.2388,0.3002
8362.6377,8364.936,0.2012,0.2441
8363.0449,8365.343,0.2027,0.2324
8364.5088,8366.808,0.1918,2.5528
8364.9697,8367.269,0.2064,2.3724
8365.4873,8367.786,0.2417,0.1544
8366.4385,8368.738,0.2011,0.3177
8367.084,8369.383,0.1991,0.1378
8369.4561,8371.756,0.2141,0.1159
8372.8135,8375.115,0.212,0.1067
8376.123,8378.425,0.3937,0.1405
8379.918,8382.221,0.1877,0.7781
8380.748,8383.051,0.1945,0.7663
8382.4023,8384.706,0.2169,9.3045
8387.2891,8389.594,0.2865,0.1321
8390.1797,8392.485,0.3546,0.1948
8391.1689,8393.475,0.1965,0.2237
8391.6895,8393.996,0.182,0.2051
8395.6094,8397.917,0.2344,0.1138
8399.1758,8401.484,0.2216,31.6444
8399.1758,8401.484,0.222,31.3224
8400.458,8402.767,0.191,0.2252
8415.2422,8417.555,0.1931,13.1818
8423.0176,8425.332,0.2942,0.1431
8423.3037,8425.618,0.1966,0.1501
8424.1211,8426.436,0.2133,0.2231
8424.7549,8427.07,0.1765,0.1445
8426.3857,8428.701,0.231,0.2678
8427.4297,8429.745,0.3153,0.3713
8430.1172,8432.434,0.2447,22.1756
8430.1768,8432.493,0.3604,22.2793
8432.1709,8434.488,0.218,0.2925
8434.3857,8436.703,0.2234,0.5997
8435.9775,8438.296,0.2348,0.0966
8446.3701,8448.691,0.2406,0.4199
8446.7793,8449.1,0.1663,0.2791
8448.5996,8450.921,0.2601,0.0727
8449.3447,8451.666,0.2333,0.0823
8450.9736,8453.296,0.455,0.1152
8452.2656,8454.588,0.2039,10.9385
8453.7949,8456.118,0.1935,0.1013
8454.1514,8456.474,0.2257,0.1447
8456.7852,8459.109,0.1933,0.1009
8460.4561,8462.781,0.2182,0.1341
8460.8857,8463.211,0.1639,0.1325
8461.5684,8463.893,0.2467,0.1342
8462.4092,8464.734,0.1884,0.1398
8465.2334,8467.559,0.219,13.4872
8465.5146,8467.841,0.2111,13.3193
8474.6191,8476.948,0.3552,0.4642
8493.3965,8495.73,0.2228,6.6999
8494.04,8496.374,0.1991,0.3898
8494.2793,8496.613,0.2661,0.4111
8496.9131,8499.248,0.1898,0.3003
8498.0293,8500.364,0.1921,0.2248
8500.8662,8503.202,0.1719,0.3781
8502.5488,8504.885,0.2187,0.3409
8503.124,8505.46,0.1554,0.1208
8503.7412,8506.078,0.1664,0.1758
8504.6416,8506.978,0.1832,7.8616
8505.0684,8507.405,0.1893,7.5702
8520.4307,8522.772,0.2036,0.2401
8520.7549,8523.096,0.1856,0.2893
8538.6904,8541.036,0.4083,5.9527
8614.5566,8616.923,0.1842,0.0944
8615.5605,8617.927,0.1784,0.2023
8617.1367,8619.504,0.1903,0.1873
8618.3652,8620.733,0.201,0.3552
8619.9199,8622.288,0.1936,0.4008
8621.3574,8623.726,0.2035,0.5968
8622.8955,8625.264,0.2021,0.584
8624.5439,8626.913,0.1998,0.9917
8626.0693,8628.439,0.1994,0.8934
8627.9229,8630.293,0.1976,1.3897
8629.4307,8631.801,0.1973,1.2563
8631.4961,8633.867,0.2001,1.628
8632.9873,8635.359,0.2107,1.3567
8635.2666,8637.639,0.2026,1.6369
8636.7256,8639.098,0.2034,1.1784
8639.25,8641.623,0.2068,1.1066
8640.6592,8643.033,0.1992,0.5475
8641.8545,8644.228,0.2141,0.3259
8642.2803,8644.654,0.2331,0.2297
8643.8799,8646.254,0.2057,0.0559
8646.8994,8649.275,0.2065,1.2514
8649.7158,8652.092,0.2368,1.6251
8650.3818,8652.758,0.1685,0.8268
8651.2939,8653.67,0.205,4.6954
8652.2578,8654.634,0.23,0.1943
8653.7686,8656.146,0.1715,0.2628
8654.3594,8656.737,0.2115,4.9773
8655.8623,8658.24,0.2123,6.301
8657.7314,8660.109,0.1991,0.2662
8659.1406,8661.519,0.1948,5.6847
8660.6436,8663.022,0.1989,6.5728
8664.1299,8666.51,0.2129,5.0979
8665.5908,8667.971,0.2163,6.0434
8667.957,8670.338,0.1837,0.217
8669.2812,8671.662,0.2147,4.7635
8670.7305,8673.112,0.2184,5.272
8674.6318,8677.014,0.218,3.5
8676.0664,8678.449,0.2081,3.742
8680.1719,8682.556,0.2141,2.4899
8681.5889,8683.973,0.2139,2.5033
8683.4023,8685.787,0.2803,0.1055
8685.8926,8688.278,0.2099,1.5132
8687.3027,8689.689,0.2121,1.6904
8691.8115,8694.199,0.2037,0.8302
8693.2119,8695.6,0.2135,0.9427
8697.9199,8700.309,0.2088,0.4466
8699.3057,8701.695,0.2071,0.5248
8700.1221,8702.512,0.2174,0.5134
8700.6934,8703.083,0.2101,0.4567
8701.6357,8704.026,0.2343,0.1092
8702.1357,8704.526,0.1611,0.1104
8704.2119,8706.603,0.2208,0.2644
8705.6084,8707.999,0.2261,0.262
8706.9551,8709.346,0.22,0.712
8707.9912,8710.383,0.2188,0.5934
8710.7178,8713.11,0.2104,0.1557
8711.5947,8713.987,0.1277,0.0957
8712.0811,8714.474,0.2009,0.1564
8716.6309,8719.025,0.1705,0.1056
8717.4072,8719.801,0.2993,0.1102
8718.7539,8721.148,0.1998,0.1154
8726.7539,8729.151,0.2171,0.378
8737.4805,8739.88,0.2101,0.2676
8739.1641,8741.564,0.2146,0.2064
8740.6035,8743.004,0.2135,0.326
8742.9736,8745.375,0.2213,0.2194
8746.9824,8749.385,0.2451,0.128
8750.248,8752.651,0.2142,0.3639
8758.7295,8761.135,0.2129,6.5773
8760.2783,8762.684,0.2084,3.1061
8761.3369,8763.743,0.23,13.5895
8761.6172,8764.023,0.268,4.7877
8763.0166,8765.423,0.2214,0.5219
8763.7236,8766.13,0.2109,0.4298
8766.4189,8768.826,0.2324,7.1627
8767.9248,8770.333,0.2183,22.794
8769.1592,8771.567,0.2015,0.7248
8770.376,8772.785,0.2086,0.5947
8775.0352,8777.445,0.2573,0.2276
8776.2217,8778.632,0.228,10.283
8778.3438,8780.755,0.2117,25.0033
8790.2402,8792.654,0.2247,0.7836
8791.1895,8793.604,0.2333,9.4346
8801.5957,8804.013,0.1256,0.1356
8801.957,8804.374,0.2074,0.1347
8809.2188,8811.638,0.2233,0.7206
8810.1826,8812.602,0.2577,0.4884
8810.4424,8812.862,0.2478,0.4835
8825.4648,8827.888,0.3433,4.5045
8827.1123,8829.536,0.221,59.43
8828.0098,8830.434,0.2367,0.3022
8829.8887,8832.313,0.213,0.2121
8830.7686,8833.193,0.3584,0.587
8831.5596,8833.985,0.2097,0.4335
8832.9209,8835.346,0.3207,1.3687
8833.1221,8835.548,0.3117,1.2414
8833.5469,8835.973,0.2321,0.2311
8834.1162,8836.542,0.221,0.5105
8834.5264,8836.952,0.2125,0.43
8836.4492,8838.876,0.3799,13.8985
8837.6836,8840.11,0.2152,0.5859
8845.2783,8847.707,0.2328,0.4388
8845.6152,8848.044,0.2268,0.4462
8847.0059,8849.435,0.2302,0.2099
8849.6045,8852.034,0.2163,3.9797
8850.0742,8852.504,0.2115,3.9305
8854.1738,8856.605,0.185,0.1456
8859.2002,8861.633,0.1626,0.0935
8859.8096,8862.242,0.0915,0.1021
8860.7676,8863.201,0.1323,0.1145
8861.667,8864.1,0.3308,0.4277
8862.499,8864.932,0.2381,0.178
8862.8477,8865.281,0.2279,0.5152
8863.4062,8865.84,0.2056,0.3654
8864.3809,8866.815,0.2643,0.0932
8867.0039,8869.439,0.2166,1.2292
8867.6055,8870.04,0.2522,14.1431
8871.3438,8873.78,0.2061,0.0998
8884.4912,8886.931,0.2619,0.1543
8885.8564,8888.296,0.2443,43.2693
8888.6992,8891.14,0.2085,0.3962
8890.0459,8892.487,0.2109,0.4082
8895.2139,8897.656,0.259,0.27
8895.457,8897.899,0.2425,0.2697
8896.5596,8899.002,0.2106,0.3264
8897.2559,8899.699,0.2171,0.2817
8903.123,8905.567,0.2235,19.4915
8904.3555,8906.8,0.2116,0.4244
8905.6846,8908.13,0.223,0.1517
8908.4043,8910.85,0.2153,0.6979
8910.042,8912.488,0.1988,0.5685
8914.8096,8917.257,0.2949,0.1387
8916.7568,8919.205,0.1971,0.1521
8919.6367,8922.086,0.364,31.4542
8920.8555,8923.305,0.2334,0.4096
8921.4277,8923.877,0.2628,0.1607
8922.7998,8925.25,0.19,0.1251
8924.0527,8926.503,0.2337,0.2843
8926.1875,8928.638,0.2037,0.2061
8926.7793,8929.23,0.2329,0.3589
8927.4131,8929.864,0.1792,0.113
8928.0928,8930.544,0.2505,0.7385
8929.0957,8931.547,0.2609,0.1164
8929.6973,8932.149,0.2298,0.2277
8930.1201,8932.572,0.2262,0.1364
8931.8105,8934.263,0.1866,0.1249
8933.1084,8935.561,0.2617,0.1484
8933.9609,8936.414,0.2187,0.1715
8934.3271,8936.78,0.1981,0.1544
8934.7627,8937.216,0.2464,0.127
8935.3633,8937.816,0.1911,0.2118
8936.2568,8938.71,0.2825,0.2588
8937.9551,8940.409,0.1863,0.1388
8939.3887,8941.843,0.4387,0.1286
8939.7871,8942.241,0.2457,0.1364
8941.4248,8943.88,0.2186,0.1225
8943.4082,8945.864,0.2262,16.6944
8945.1709,8947.627,0.187,0.1109
8947.5557,8950.012,0.202,0.1307
8955.54,8957.999,0.2349,0.1131
8957.9512,8960.411,0.2531,19.3162
8958.2539,8960.713,0.24,19.2912
8960.1611,8962.621,0.2462,0.1606
8962.9893,8965.45,0.2991,0.1041
8963.3525,8965.813,0.1776,0.1359
8965.0059,8967.467,0.2674,0.1714
8968.5107,8970.973,0.2541,0.163
8969.4092,8971.872,0.3033,0.1042
8970.0977,8972.56,0.213,0.1898
8971.2324,8973.695,0.3736,0.6119
8973.8682,8976.332,0.2042,0.1598
8975.4395,8977.904,0.2766,0.1674
8977.5586,8980.023,0.4239,0.0987
8977.9941,8980.459,0.2913,0.1786
8978.5488,8981.014,0.2013,0.1258
8979.4844,8981.95,0.2286,0.2566
8981.1113,8983.577,0.2166,0.6937
8982.332,8984.798,0.2119,0.4108
8985.4141,8987.881,0.2948,0.1154
8985.7842,8988.251,0.2219,0.731
8986.9551,8989.422,0.2196,0.1322
8987.6357,8990.103,0.1956,0.1798
8988.3838,8990.851,0.2406,10.3731
8991.4648,8993.933,0.3496,0.1024
8992.3096,8994.778,0.3482,0.4739
8992.542,8995.011,0.2103,0.5532
8993.0693,8995.538,0.51,0.1011
8997.9102,9000.38,0.1824,0.0927
9001.1348,9003.606,0.2152,11.9922
9001.5928,9004.064,0.2149,12.0589
9020.9346,9023.411,0.203,0.3393
9021.2695,9023.746,0.2164,0.3545
9025.9658,9028.444,0.1367,0.1003
9027.5508,9030.029,0.2064,0.1598
9028.5059,9030.984,0.1716,0.3075
9028.9951,9031.474,0.1985,0.1597
9030.249,9032.728,0.251,0.1448
9031.75,9034.229,0.225,0.2032
9038.0586,9040.54,0.3675,3.5968
9043.6084,9046.091,0.2656,0.2746
9049.2539,9051.738,0.2232,5.8107
9049.8652,9052.349,0.2175,5.6008
9050.7725,9053.257,0.1484,0.1492
9052.2432,9054.728,0.2361,0.1394
9053.9561,9056.441,0.2061,0.1372
9055.7031,9058.189,0.2301,0.1243
9056.6172,9059.103,0.3333,0.153
9056.9688,9059.455,0.1746,0.2206
9059.4648,9061.952,0.1968,0.1136
9061.0791,9063.566,0.1832,0.1017
9064.25,9066.738,0.2202,0.4834
9065.6543,9068.143,0.2309,0.3791
9068.5586,9071.048,0.2357,0.6474
9070.6602,9073.15,0.2228,0.4858
9074.5439,9077.035,0.173,0.106
9076.2646,9078.756,0.2444,0.1322
9079.5391,9082.031,0.2355,0.1367
9081.2021,9083.695,0.1901,0.1416
9082.7969,9085.29,0.2136,0.1153
9083.6006,9086.094,0.2158,0.1216
9090.3467,9092.842,0.2344,0.1457
9091.1816,9093.677,0.1669,0.0998
9091.998,9094.494,0.2307,0.1556
9092.4209,9094.917,0.2367,1.5502
9092.7285,9095.224,0.2518,1.5785
9093.665,9096.161,0.2428,0.4061
9096.1523,9098.649,0.2086,0.1408
9097.3467,9099.844,0.159,0.0831
9097.7852,9100.282,0.2368,0.1515
9098.8906,9101.388,0.2158,0.1082
9099.332,9101.83,0.2247,0.1156
9102.4053,9104.904,0.2171,2.8839
9103.1807,9105.679,0.2253,2.635
9103.8574,9106.356,0.2957,0.1249
9108.6826,9111.183,0.1821,0.0955
9110.2441,9112.745,0.1475,0.1157
9133.9648,9136.472,0.2587,0.2417
9136.3682,9138.876,0.223,0.2221
9139.9131,9142.422,0.2115,0.166
9144.0049,9146.515,0.1993,0.0987
9147.2451,9149.756,0.71,0.1038
9151.4199,9153.932,0.3519,0.2878
9151.793,9154.305,0.217,1.166
9152.2568,9154.769,0.2182,1.0332
9152.9746,9155.487,0.2149,0.4334
9154.5908,9157.103,0.2217,0.3345
9156.9746,9159.488,0.2225,0.5457
9159.3496,9161.863,0.213,0.4246
9160.6992,9163.213,0.2154,1.6739
9161.6543,9164.169,0.219,1.5777
9174.5605,9177.078,0.1383,0.125
9175.8809,9178.399,0.2005,0.124
9200.0742,9202.599,0.1951,0.1276
9205.1201,9207.646,0.22,0.1271
9208.8389,9211.366,0.2594,0.1328
9210.5332,9213.061,0.2588,0.1245
9214.5283,9217.057,0.2925,0.1256
9216.2725,9218.802,0.2293,1.0584
9216.877,9219.406,0.2357,0.8125
9224.2949,9226.826,0.2393,1.5935
9225.4199,9227.952,0.2307,1.201
9226.9385,9229.471,0.3069,0.2323
9228.543,9231.076,0.1601,0.1408
9229.2285,9231.761,0.2683,0.1408
9229.4727,9232.006,0.2466,0.144
9233.5342,9236.068,0.2805,0.1331
9233.9463,9236.48,0.3271,0.1171
9247.5361,9250.074,0.2219,0.4157
9248.3369,9250.875,0.2228,0.1815
9249.376,9251.914,0.2304,0.2919
9250.6221,9253.161,0.2489,0.2056
9251.2715,9253.81,0.2145,0.5588
9253.9248,9256.464,0.219,0.3296
9254.542,9257.082,0.2037,0.1411
9260.875,9263.416,0.3272,0.1885
9262.5908,9265.133,0.2851,0.5566
9265.9932,9268.536,0.2791,0.2874
9286.0557,9288.604,0.2173,0.964
9286.8193,9289.368,0.2267,0.7013
9288.6191,9291.168,0.213,0.4738
9293.2783,9295.828,0.2196,1.1641
9294.6387,9297.189,0.2193,1.0011
9306.0107,9308.564,0.2268,11.6258
9307.3848,9309.939,0.2291,21.5181
9309.0615,9311.616,0.2719,5.3789
9310.7617,9313.317,0.2645,2.912
9312.9043,9315.46,0.254,10.295
9313.3457,9315.901,0.2382,34.7735
9316.4717,9319.028,0.1547,0.2722
9317.8203,9320.377,0.3781,3.097
9322.4805,9325.038,0.2245,10.9019
9323.7627,9326.321,0.2311,33.9415
9330.5557,9333.116,0.257,1.1287
9331.1133,9333.674,0.3779,1.3131
9337.874,9340.436,0.2364,12.6347
9346.5957,9349.16,0.2347,0.1628
9347.0566,9349.621,0.1784,0.156
9348.2588,9350.824,0.3274,0.4397
9348.5869,9351.152,0.2388,1.0165
9349.582,9352.147,0.3013,0.7309
9349.8418,9352.407,0.1964,0.7062
9350.3145,9352.88,0.2412,0.2792
9351.7266,9354.293,0.2384,0.5202
9354.6904,9357.257,0.2332,0.2942
9361.3037,9363.872,0.2302,0.7874
9362.2441,9364.813,0.2234,0.7569
9367.8828,9370.453,0.2269,1.2258
9372.1318,9374.703,0.227,0.7551
9373.415,9375.987,0.2195,0.6327
9373.8281,9376.4,0.2474,0.6451
9374.3379,9376.91,0.3557,6.611
9375.9766,9378.549,0.2379,89.7287
9382.7812,9385.356,0.3025,1.4524
9383.0801,9385.655,0.2576,1.5253
9386.7949,9389.37,0.3064,9.778
9394.3311,9396.909,0.2359,0.2527
9396.9199,9399.498,0.2468,0.6356
9397.2803,9399.859,0.2354,0.7369
9401.2754,9403.855,0.2908,0.5924
9401.8574,9404.437,0.2368,6.3829
9402.3359,9404.916,0.222,6.1549
9402.7158,9405.296,0.2607,0.5419
9403.2891,9405.869,0.2286,0.4407
9404.9453,9407.526,0.4059,0.1268
9405.1152,9407.696,0.2252,0.1257
9416.6162,9419.2,0.304,0.3082
9416.8867,9419.47,0.2502,0.3143
9419.7461,9422.33,0.2654,18.4213
9421.8613,9424.446,0.2448,0.2584
9422.7363,9425.321,0.2223,2.0675
9433.3438,9435.932,0.4375,0.127
9436.1592,9438.748,0.394,0.3282
9438.4531,9441.043,0.2024,0.3599
9439.6699,9442.26,0.26,58.1552
9441.7822,9444.373,0.2379,0.1786
9442.2627,9444.853,0.2207,0.8717
9443.4141,9446.005,0.1787,0.1304
9446.7949,9449.387,0.2196,0.6457
9448.2578,9450.85,0.253,1.5851
9450.124,9452.717,0.2101,0.856
9455.3174,9457.911,0.2291,0.4011
9457.7764,9460.371,0.3224,0.2989
9458.5244,9461.119,0.2445,27.0894
9476.8955,9479.495,0.3836,39.9477
9478.5459,9481.146,0.2429,0.308
9479.4385,9482.039,0.307,0.214
9483.0361,9485.638,0.2732,0.4525
9484.1719,9486.774,0.2405,0.1891
9490.5303,9493.134,0.2786,0.8887
9495.0312,9497.636,0.4857,0.1323
9497.9365,9500.542,0.2465,0.13
9499.9619,9502.568,0.2817,0.1717
9502.835,9505.442,0.2354,21.7464
9504.7119,9507.319,0.1788,0.1595
9519.2051,9521.816,0.2415,24.7207
9519.5391,9522.15,0.2573,26.0261
9525.4131,9528.026,0.2822,0.1271
9526.5488,9529.162,0.1867,0.1421
9529.1592,9531.773,0.227,0.7958
9530.4951,9533.109,0.234,0.6528
9534.7256,9537.341,0.2273,0.9731
9536.8926,9539.509,0.3083,1.2238
9537.1035,9539.72,0.343,0.8751
9552.5469,9555.167,0.2509,15.567
9560.1768,9562.799,0.3269,0.6319
9560.4268,9563.049,0.2511,0.7114
9567.1133,9569.738,0.2338,18.221
9567.6113,9570.236,0.2316,17.4108
9569.2051,9571.83,0.2296,0.3142
9571.8545,9574.48,0.2657,0.2205
9572.3174,9574.943,0.2203,0.4038
9575.9727,9578.599,0.2177,0.2563
9591.7227,9594.354,0.266,0.4627
9592.0869,9594.718,0.239,0.4361
9607.7021,9610.337,0.3677,6.6388
9615.2031,9617.84,0.2539,0.4125
9620.6641,9623.303,0.2342,8.9747
9621.3369,9623.976,0.2403,5.7744
9622.3135,9624.953,0.2094,0.6444
9623.8555,9626.495,0.2425,0.4522
9627.458,9630.099,0.2315,0.8572
9629.835,9632.476,0.23,0.6212
9631.1914,9633.833,0.2541,0.2284
9631.5908,9634.233,0.3293,0.2711
9633.874,9636.516,0.1565,0.1888
9635.917,9638.56,0.2514,0.1406
9651.5771,9654.224,0.3849,0.3232
9653.2754,9655.923,0.4185,0.4281
9653.8643,9656.512,0.256,0.3016
9654.6416,9657.29,0.3456,0.2411
9655.6055,9658.254,0.399,0.2707
9657.8525,9660.501,0.3798,0.5127
9659.0889,9661.738,0.3761,0.9104
9660.3398,9662.989,0.3637,0.4396
9662.6396,9665.29,0.4786,1.0693
9668.7051,9671.357,0.3442,4.9271
9669.7578,9672.41,0.2567,1.0284
9670.9404,9673.593,0.2649,0.5753
9674.2432,9676.896,0.2985,1.6369
9678.0938,9680.748,0.2199,0.1691
9678.5479,9681.202,0.1994,0.1786
9679.9746,9682.629,0.2363,5.0576
9680.8311,9683.486,0.2366,4.6384
9682.248,9684.903,0.354,7.4141
9685.7217,9688.378,0.366,0.4212
9690.5107,9693.168,0.2634,4.4186
9693.1904,9695.849,0.2288,0.3763
9697.2148,9699.874,0.1867,0.2298
9697.9014,9700.561,0.2521,0.4031
9699.3428,9702.003,0.3049,17.812
9704.6406,9707.302,0.3427,0.2914
9704.9541,9707.616,0.3971,0.2844
9711.7148,9714.378,0.2386,9.0829
9719.8389,9722.505,0.2703,26.9594
9721.9375,9724.604,0.2242,0.5077
9723.7432,9726.41,0.2334,0.4039
9725.4912,9728.158,0.3743,0.1832
9726.752,9729.42,0.2289,0.6183
9728.04,9730.708,0.24,0.2625
9728.4697,9731.138,0.3929,0.2101
9729.4502,9732.118,0.2296,0.4744
9732.8271,9735.496,0.332,0.4234
9734.8066,9737.476,0.2331,2.0113
9735.2891,9737.959,0.2441,1.7961
9738.0957,9740.766,0.2485,9.626
9745.2354,9747.908,0.2305,3.0432
9746.3027,9748.976,0.2368,2.8749
9755.9961,9758.672,0.5389,0.1989
9784.4668,9787.15,0.5186,0.2648
9788.3828,9791.067,0.3639,0.1727
9789.2988,9791.983,0.2966,4.2775
9789.5098,9792.194,0.3384,4.0981
9791.1162,9793.801,0.2841,60.5073
9796.2998,9798.986,0.258,1.1542
9796.7705,9799.457,0.2557,1.1322
9799.5508,9802.238,0.3739,8.8878
9799.8271,9802.514,0.2831,12.5226
9803.9209,9806.609,0.5347,0.1554
9804.4258,9807.114,0.2022,0.2063
9807.1826,9809.872,0.242,1.4456
9807.8516,9810.541,0.2773,1.4967
9808.46,9811.15,0.2878,0.4667
9811.5947,9814.285,0.2442,3.8266
9812.374,9815.065,0.2452,3.7321
9816.6211,9819.313,0.2424,2.0914
9817.918,9820.61,0.2575,2.4962
9820.4375,9823.13,0.2548,0.2227
9821.6475,9824.341,0.1088,0.236
9825.9844,9828.679,0.2672,0.2239
9827.5332,9830.228,0.245,0.9904
9828.4316,9831.127,0.213,0.4108
9828.917,9831.612,0.2429,1.073
9830.4971,9833.193,0.24,0.3473
9832.9258,9835.622,0.2295,0.4879
9835.9629,9838.66,0.2643,0.3869
9847.4541,9850.154,0.2605,0.2904
9848.4941,9851.195,0.2917,16.2151
9849.6016,9852.302,0.252,0.4278
9867.915,9870.621,0.3009,0.1547
9872.1475,9874.854,0.3173,50.2618
9883.416,9886.126,0.2454,0.4758
9885.7578,9888.468,0.2322,1.206
9886.582,9889.293,0.2304,1.0407
9894.3701,9897.083,0.309,2.0793
9894.751,9897.464,0.2501,20.6942
9895.8682,9898.582,0.2352,1.4874
9900.4062,9903.121,0.2447,0.6234
9912.7432,9915.461,0.2399,0.5726
9913.8242,9916.542,0.3762,1.4505
9914.5547,9917.273,0.3354,29.1613
9914.7773,9917.496,0.3022,32.2443
9941.665,9944.391,0.2535,23.033
9942.2129,9944.939,0.2617,12.3498
9944.5566,9947.283,0.666,0.7566
9945.2979,9948.025,0.335,16.0065
9946.5146,9949.242,0.2619,34.1659
9947.7471,9950.474,0.278,8.7475
9948.374,9951.102,0.273,5.7065
9949.6943,9952.422,0.3272,3.0182
9956.5986,9959.328,0.2721,47.6926
9960.3594,9963.09,0.3169,3.8815
9961.7217,9964.453,0.2914,19.8573
9962.1436,9964.875,0.2562,18.7629
9970.7373,9973.471,0.2471,0.9996
9971.834,9974.568,0.4702,0.9972
9972.3574,9975.091,0.2576,12.8893
9974.2598,9976.994,0.334,0.9357
9974.4873,9977.222,0.316,0.8005
9977.4072,9980.143,0.2773,0.9325
9978.5898,9981.326,0.4345,2.9411
9980.2871,9983.023,0.6427,1.803
9985.9463,9988.684,0.274,0.2058
10000.0078,10002.749,0.3751,5.8582
10000.9385,10003.68,0.2862,1.0628
10002.3164,10005.059,0.268,0.4816
10002.6953,10005.438,0.2721,0.4817
10011.3643,10014.109,0.3734,6.5382
10012.8311,10015.576,0.2502,85.4184
10013.7061,10016.451,0.2294,10.3341
10014.2979,10017.043,0.2514,9.4928
10021.2266,10023.974,0.3374,1.6888
10021.5273,10024.275,0.2891,1.6918
10025.4756,10028.224,0.3897,24.0857
10028.7871,10031.536,0.1844,0.3193
10031.0674,10033.817,0.239,0.2796
10032.7754,10035.526,0.2305,0.2019
10033.3174,10036.068,0.3508,0.3102
10035.5146,10038.266,0.1409,0.4341
10036.0605,10038.812,0.2461,0.3605
10037.7031,10040.455,0.2265,0.8543
10038.0547,10040.807,0.2481,0.7286
10043.2959,10046.049,0.2479,7.1704
10043.7754,10046.529,0.2436,7.0959
10058.8887,10061.646,0.3165,1.9454
10059.1904,10061.948,0.2446,1.9163
10060.7246,10063.483,0.2964,18.7447
10062.4521,10065.211,0.2241,0.9275
10063.6523,10066.411,0.425,0.8339
10066.7988,10069.558,0.2427,2.5873
10067.6699,10070.43,0.2505,2.4256
10069.6953,10072.456,0.2566,1.1766
10070.4971,10073.258,0.2511,3.661
10071.2578,10074.019,0.2402,3.5811
10071.7812,10074.542,0.268,1.1742
10076.2334,10078.996,0.5884,0.2903
10082.458,10085.222,0.2912,55.3395
10096.0664,10098.834,0.1876,0.7762
10103.625,10106.395,0.2868,21.7419
10122.2529,10125.028,0.3428,0.8075
10122.7119,10125.487,0.1654,1.0986
10124.0146,10126.79,0.4241,45.1588
10131.3984,10134.176,0.2789,0.365
10132.1777,10134.955,0.248,1.2482
10133.1289,10135.907,0.2348,1.0249
10136.4639,10139.242,0.104,0.4177
10138.6729,10141.452,0.273,0.2628
10143.0576,10145.838,0.3717,1.0464
10147.3984,10150.18,0.3838,0.6946
10149.0176,10151.8,0.3805,2.5094
10152.2246,10155.007,0.3963,1.2811
10152.9844,10155.767,0.2662,25.5568
10154.8604,10157.644,0.2626,1.0938
10155.0146,10157.798,0.4528,0.8706
10158.4922,10161.277,0.3727,7.5694
10161.2402,10164.025,0.2989,0.6183
10162.6982,10165.484,0.2444,0.6067
10164.3809,10167.167,0.3124,4.1542
10167.6289,10170.416,0.334,1.6583
10167.8887,10170.676,0.335,1.0936
10170.3643,10173.152,0.2292,1.3437
10171.5469,10174.335,0.2687,34.2626
10171.9668,10174.755,0.4162,37.2201
10181.0537,10183.844,0.267,11.7465
10182.5986,10185.39,0.3235,0.7768
10184.8154,10187.607,0.5575,0.7645
10185.125,10187.917,0.2743,0.9677
10189.7197,10192.513,0.321,44.3114
10190.7246,10193.518,0.6765,0.8103
10194.8271,10197.621,0.4633,0.7085
10198.8096,10201.605,0.254,0.7736
10199.917,10202.713,0.2157,0.6154
10203.0664,10205.863,0.2481,21.2981
10206.7949,10209.593,0.2406,0.7947
10208.8076,10211.606,0.257,18.8235
10211.0664,10213.865,0.2789,58.7144
10220.5693,10223.371,0.265,0.8786
10225.54,10228.343,0.243,21.8175
10226.085,10228.888,0.2492,21.1486
10230.6719,10233.476,0.265,23.2005
10271.1152,10273.93,0.3727,7.3343
10284.7002,10287.519,0.4323,8.6983
10284.9004,10287.719,0.3201,9.5205
10286.6523,10289.472,0.3064,154.4083
10292.2812,10295.102,0.258,3.2538
10292.7852,10295.606,0.2841,2.5989
10295.873,10298.695,0.2939,27.801
10296.1914,10299.013,0.3189,30.6309
10309.1318,10311.957,0.2596,9.2266
10309.9229,10312.748,0.2414,9.8955
10326.5918,10329.422,0.2516,2.5189
10328.0234,10330.854,0.2492,2.6542
10339.959,10342.793,0.8879,2.6693
10340.1885,10343.022,0.2766,3.9233
10347.2852,10350.121,0.3082,36.3103
10353.5205,10356.358,0.238,4.887
10354.4834,10357.321,0.2431,4.5601
10372.8838,10375.726,0.3246,67.0213
10396.5693,10399.418,0.2833,3.3344
10418.3877,10421.243,0.5534,0.0
